x1 x2 x3 x4 x5 x6 x7 x8 x9 x10
-0.65084243705482 -1.4799546331097 -6.82296299041405 -3.66235509882689 -6.08545415767388 -4.09213161759119 -1.19820180436111 -1.9775793219965 -5.28891552691064 8.69936857910744
2.96099557490406 -1.31107165557183 6.0479027024423 1.23131108381627 -7.24555002194181 -0.104108965081096 -1.21118410693091 -0.113590339823238 -3.910100524155 1.1749540286002
7.16562120584096 2.21461914325113 -1.41527683497876 2.87120083158061 -10.0670348948587 -0.732520518111206 -0.343409290325503 1.11210326826861 -1.3674302433047 1.20368950649191
-1.09959698410214 -1.03811728587835 -2.20167090667706 0.686368167018362 -0.255965203686944 -2.02217363228771 -4.82574261693711 1.13515930992643 -0.0660311240981634 -1.75959339365049
3.700187262984 1.60932508049917 2.03595026091298 -1.33522865088249 -6.25107139432543 1.55672002486875 7.34606745571408 0.707911301518129 -0.605812971251995 -7.37432053622081
6.5615444040562 1.70508638427168 3.67148475857746 4.30300480435179 -1.04332008586238 -9.3215353503766 4.23158950002748 3.05610721175787 3.74132780826529 11.7696385521452
3.42814794217646 -1.55143837257575 6.46810309370009 -1.78610995179778 -4.92924445805096 -6.40819807627434 3.00670437527811 -3.71870553397043 -2.12942692419555 0.705634909492787
4.74057441156195 -3.00504284315537 -3.54827997148775 -0.415464542977442 1.57727260158028 -0.126381773152874 -1.97140248553519 -1.48484910171483 -4.742730836659 -1.40390288653331
7.27101152118891 -0.52491379289392 1.00666498621072 3.52358189337696 0.355960781168948 -9.11398903732919 2.58174892462027 2.0128328606717 1.21155727025147 3.6694858537327
7.5850854653271 -0.848121002573415 0.959890890908883 2.04912885101846 -5.57366232834834 2.75253852386213 3.5217300887756 -1.19714527411908 2.11796855090612 -9.26550780376303
-8.90319992502435 1.61153731492432 -2.74935864445203 -1.33895754948321 -8.06484367099378 -8.71914169352554 -2.09038718259934 3.15160857335151 1.86935769947057 -3.70701082367504
-7.64116337493894 -1.80363835254711 -3.57280507998231 1.75681359505621 -3.38591241720263 1.44239157018189 -4.55660809942779 -1.61265730580485 3.66291477914763 -7.78207207408724
1.01634365086695 -0.933017410271227 2.04262194820084 1.12919199815648 -10.7994580672818 -0.605680548121051 6.67119098463246 -0.872491224920469 -1.82691631742957 -2.89542363465378
-3.68192754702317 -1.02428069162859 -0.177757795708334 -5.13753994605986 -3.02761457650351 -0.652784453376867 -3.00114903695142 0.708816386543317 -2.20488405229958 -3.508241999453
3.83239974499513 1.80600997390397 1.93963052452171 -0.165472585983869 -3.39396204909964 5.28913426550844 3.50558521005705 2.12889537166807 2.83682290761749 -6.8080509788097
9.97862800190516 -3.49060256995712 2.38877332783068 -2.79409740176821 -7.28838476767767 -5.95406960254127 -1.01928972049352 -9.60375778768234 -8.43129668597342 6.8326738674757
-0.904521248417779 0.641504358117919 4.58747176484599 0.109143136707894 0.833660571995887 4.04346539871275 3.87878925914415 -0.779897362351358 0.293849190414003 -6.24240989762498
8.47379506247316 -0.586814804167156 5.82826607621599 3.71939067047261 -6.88233477595174 0.17823628003603 3.88865928663433 -2.23654332007471 -1.24902421359509 3.93971405717601
5.05871371214295 2.11204790100052 -0.170052703838171 2.99452182193846 -7.6629330748139 1.41119304604347 -1.93998499569629 -1.92522970381974 -1.36569591702925 -1.80393546359318
5.0619481671609 -3.24206499476611 2.03904420679729 0.0421912242276031 -1.99153883112144 -2.64113592754965 3.68724135973898 -0.752909185706555 3.90133111624523 -0.248256669942562
4.22369642962814 -1.37045841527783 0.63377848729522 2.91466711186567 -6.91958320134023 2.17440487567049 1.13340781461765 1.56169728828908 0.094702131927312 8.74551100105546
0.346464685257123 0.765237929630108 4.82397176694834 -1.26417521568734 -7.08685654982707 1.25080077103329 4.29282146325115 -1.08715020527448 5.95679511634747 3.85624090415226
1.00444408853268 -1.61565527507724 2.62447314446801 -2.74114764314762 7.58792844348077 -0.0169070982942494 3.38837468160479 1.22479841186832 4.73004282728643 6.21681843438072
1.28673224339455 -0.419087913608697 -3.73406786517408 2.70995171857768 -5.36309220931199 -0.0814864401191369 3.7925788339859 0.3370727002061 -1.76827509111549 6.10707952569239
7.42815973657993 1.47699483919816 1.65045646120231 -0.686730672524428 -10.0050893046634 1.06358637217767 -0.426706188565268 -1.04379796049035 -1.69527638244464 0.310059137691527
-1.90877568546115 1.01391196723112 2.1967734913858 2.87782019696563 -12.5353169109245 4.11585247412055 3.56922704648431 0.381307653524167 2.57543255063899 2.0533160509859
1.04124935073067 0.605304638967272 4.58159764363539 2.06139992827944 -6.84532562358369 3.82445027706065 3.17433378885201 0.666693120514464 1.25968853807168 -1.26700621406516
4.81365298452528 1.93239171831636 0.501780244327134 0.351570833636931 -8.51210541089848 1.7072176588981 4.44189314511637 0.228978508852696 -1.46791364578321 10.0589297921391
5.15190932859959 2.03318258930013 2.51157127348406 -1.37313924280371 -8.47201137569352 0.975494526956699 0.346864830962141 0.931978639158932 -0.845575807261313 -0.12276877186846
-1.58286996970548 0.0767727803722803 7.76840027292725 -1.43067471205635 4.27595336201361 0.266428681702441 1.19639041228752 -0.93674695258285 -0.918198907489558 -5.10795437974344
3.83911344433469 -6.21308038657011 -8.06036918025552 0.286753775110495 -9.00546949555115 -8.12951230278327 -0.958428189862525 -0.272484055009322 -0.509957292893859 -1.38116780771191
5.3091548187089 -1.1072637490016 1.00603324963864 2.81303573656848 -7.96765086894735 0.634753957675438 1.61672078874354 -0.762309799538706 -2.15905488085966 5.58529271141694
3.37311365063423 0.580163871065325 2.75893171169309 0.800564288377741 -11.687090549302 1.85229029564139 -0.328007090505681 -1.30507584438267 1.72066223963915 5.83016457450659
5.49185839914871 1.00324551353375 -1.6005466436448 -0.957833901397397 -11.0198636760129 0.746862924629132 0.694157007571489 -2.38464650134017 -0.806494156555006 -4.39939954116716
2.39809301633187 -2.900095455581 4.52303236106026 1.70236791339558 1.58218049875253 1.55492899848083 1.58195673927698 -2.86663593507327 0.741309631429861 0.607436441888185
5.57564625468196 -1.13306944238718 4.72762051121502 1.78309164520445 -11.4166037071254 0.411735639074266 4.89609797149867 -0.1305832250218 0.967080526168321 3.21697918951117
-0.695921394080693 3.11397282097219 6.31233186377924 1.88437462528927 -9.41150005350136 3.18363004538634 1.89024056907838 -1.36371789298447 2.19411316981379 9.95752626908602
-1.27895879750883 -0.853932095640631 -3.78055831022621 -4.88682436470501 3.36439078462801 -2.15226800587598 1.33926469173678 2.30592599699057 -4.67459027444007 3.13668779472033
5.50950585410569 -0.902160429654073 1.52662782955533 2.46143489716135 -8.19445020274386 2.03349933131989 -0.652838905008251 0.873384987555757 3.36842455950685 1.62559536890646
-3.08772428476188 1.06843741695677 3.12635329892357 4.38354548040688 2.15986686318516 1.59124845671159 2.54515138942695 -1.70412766152128 1.79803542574525 2.22929382861765
4.69832505117725 1.06742615952619 -0.0979119757919689 2.26600785261389 -0.586346891881399 2.68473050585638 3.93290050652672 1.20817627535046 1.25142579769056 -0.348587617598912
3.67401901147923 1.66781912321238 1.15835109937761 1.23383052381154 -1.19505953984187 2.67870133854586 3.74836502739017 2.85979061905316 -1.5721785677229 -4.86567850262988
-4.23914813678175 -0.521117928932273 -5.99984116767014 -4.59150153721955 0.583744784429159 0.336597964054004 -2.4929076747719 5.54874837156096 4.78600440968083 -1.26663928824441
1.85921569857533 -0.529883577582346 1.74070187456969 -1.37455187962566 -4.18634864486545 -0.711704013388568 -0.155723048500839 2.12723546771487 -12.3884878033107 7.07439575404932
1.38335555583389 3.73132071413793 1.46942563761667 2.1582208855131 -3.44076780773626 -0.65994591607923 1.23473273426277 4.20222963762391 -1.32941078050402 11.0162486551458
5.98222025935796 -0.457292761512043 -2.81467923441265 0.287374837321291 -1.27471730578886 -9.16778458194555 0.990135882824982 -0.624380794543866 0.590908412776091 -2.47598825973629
8.19787853368558 2.3716562004545 0.209381503437237 1.70389982423259 -4.5717994937279 -6.1769005328789 1.27023652143418 -0.737130255809097 -1.80322670800383 5.1656009315417
7.53233057740509 2.68455985992076 1.06037805997007 1.31170073695133 -9.28505564152342 0.372496672495248 -0.749850275899781 -0.935455971475969 2.00321492160575 3.92112738884477
11.5792125658103 0.772575372231668 3.74106451199411 2.80306363545296 -10.9100172707793 1.78749932824193 -0.654709579874777 -1.14744011159007 1.78218965863618 2.70639254353731
-0.670202021084107 1.79745788121347 4.56855799427741 -0.779272600515837 6.67925414596221 3.11690440542291 4.84445350191412 -2.86276838396162 -0.926507132911108 0.071902145791074
2.15103890575771 0.14595580155822 4.82252089298534 3.09940030533043 -6.20592110308655 2.37053520520741 3.56207085920781 1.03851308525964 0.245702001018831 -2.15230751856503
-1.3376244475242 2.04707214532843 -1.93988059110904 0.420515678938866 5.82313111476412 2.84675660563388 3.38876533136037 3.26173777952187 5.34796109123436 -3.2893405065785
5.7056759124227 -2.71263338152091 1.43821206720112 4.80318677591325 3.05068390115093 0.994903907624449 3.47374007467255 3.90279468839797 2.29982149991522 5.40324332527247
7.32478275274003 2.29186541822007 2.24784611374556 4.25761409229219 1.9120812471571 -1.85327896146303 5.8697750928634 0.91972816940413 9.23351263391085 11.40490494328
6.01808785034911 2.42709652363931 2.33716383137482 1.06247218461107 -4.49679407345461 0.453604699557568 3.63431929085505 -1.10558433504894 -3.14127528807935 -0.723766104371234
6.26222872433705 2.12724180206217 2.65055182684781 0.307471881349199 -10.904305807002 1.43065414747105 2.88214239419167 0.0834476279670667 0.733921940834314 4.68292201915861
-0.528130066328322 1.51734163431448 0.177355588694865 -2.86082176913097 -6.65529145259877 -7.60487044645796 -6.57325133195128 -0.209473657528714 -8.46247115092828 3.0806585146583
2.58766196303312 -1.21065265416881 4.3102341516075 0.467285285761671 6.75822862706489 0.0629824101000787 3.40405299713258 -0.46205527467702 0.84671774665468 2.99069342417412
-3.35401952009395 -2.01138567773688 4.08604247866653 -0.495703403425958 -1.87727154789978 1.80008876397529 -1.04276682586141 1.44518905425985 0.0482085356923133 -2.02815640823397
2.62071024849232 -1.86483658837133 5.43995342008651 -2.15738029830623 -1.23943791184503 -9.08628365118375 1.46182040640418 -0.244040622492987 0.495411322015405 6.14059158127809
1.58803843411982 1.50527548659412 2.01585748633282 0.569206881648262 -8.67802277262754 2.08309300995825 0.721761668072676 0.869344140405513 -1.88395618305702 2.7977324094678
-4.70270479401081 0.339577160418013 -7.60380136005302 -0.776767259743003 -10.0256068235874 -5.71459773748182 -7.34615576593168 4.93124235098395 -5.43274287866289 6.28068130516432
5.97777853310144 -0.0687506478463665 0.935094241236948 -2.19531025097565 -11.1251664474956 0.0819569496795143 -0.792705204119521 2.58548781405967 -2.79444336252076 -4.6411335596984
1.48411641082501 -0.829932194410596 5.59051303759122 -0.58607122595056 3.29025311095768 1.6082501881557 3.8456839692678 1.47731836831811 1.80878710406942 6.34747544954516
6.84620201309487 -3.5606676182617 -0.662405334943504 0.450158573007071 -12.7269972853783 -0.197305112952652 2.03107504570135 1.12599826570137 2.64691100252387 -4.06081692542138
4.10964688129102 0.576239963226896 3.48069060211698 -0.129260838710333 -3.48301838457795 2.34808991858858 1.82353330801647 -0.718458780561365 3.92454551408951 4.70318599236672
4.40755830906961 2.07423005716536 2.9108647671368 -1.02767533024972 -10.7621017714672 2.11159768678884 4.26033859908288 -0.850962988413756 5.36573025870543 0.472248547604256
3.88825325474467 0.937649540086674 3.10942481243255 1.47378045617846 -0.196284707229711 -12.9470258524175 3.31905957169155 -0.206508108866273 0.00412932874369665 4.41978121300039
3.71724391069788 1.35104150436816 -1.40494455944829 0.519332970940567 -11.3569787970502 0.0317118693748788 -1.03068484829616 0.736896103215796 1.59933444389486 -2.25035805021659
2.88974747347139 4.84104451226066 -3.23010615458496 4.59423803863621 -9.90824193469046 3.95143296092037 -1.90240952253039 0.47453175879719 -0.86850879569544 5.35097779383297
4.83068040331275 1.29973678556823 -0.644786933701346 4.01899283948524 -8.85336461289807 0.958561403477183 2.88110228770308 0.151189494538405 1.03284974650022 6.01410879896365
2.22222421727899 -1.38671774394078 -2.92556545414912 -0.13602824858952 -8.17999401084098 -0.264283330975118 2.08805504932579 0.140186592872482 -0.650874006935191 -4.61464601157146
1.04600140088271 -1.05518421150069 0.981906633674309 2.08478636580481 -10.5808432880304 2.7588869921896 4.20654145392364 0.0755722681914904 1.69208420676155 0.465711610862761
6.98698726607466 1.92463424722183 -3.71637008434956 -1.81816116788261 0.199491692073126 -7.05892509916736 0.496791602701184 1.613640249615 -2.83717001794179 -2.40541298657285
0.839061777879622 0.808300286958046 6.26094487283566 0.817840285562911 -2.8253954686208 2.16907021042899 -4.5889055260718 0.0828564562862846 -0.238199238468109 -5.7992660459834
-9.54319355534646 4.16422136167408 -3.03000432018466 -1.47146141056805 4.03562468732874 -4.76727953716257 -3.18190899516011 2.83991877888181 -5.55086385466335 2.93016240870777
-2.52550758113902 -1.01355091671285 -2.88401853901684 4.61239304678438 -0.0843052565770055 0.231864277890198 -1.59065741814598 3.77005577562005 -6.06222869477997 0.280790484941223
-2.07231104868698 2.40468061717537 -4.15228086398644 -4.26872103038494 -4.05080569128598 -1.2531641031718 -5.8537082623066 0.474817458504609 -4.71647205438332 -1.62590590641417
1.18752587997461 0.0801826195315942 2.08414673101722 -0.144466129120977 3.45323507427952 2.26415186250267 4.90655853106808 -3.29623746719735 0.690774883097826 7.25171399380595
3.95580674244877 -3.19610668234915 6.782748270866 3.13251564969978 1.10872482303016 5.76606998682562 2.21308872472857 0.508359609352921 -0.953506267885702 -0.91569719880404
3.64461654503613 2.60439821344109 6.46915946875712 -2.34475032129024 -1.00162422869478 -10.1417298956645 -0.0167738033128604 0.168185383509932 0.453593287007881 1.78333770048191
2.42838035042355 -1.84265418486777 6.82837431350657 2.60226770774256 9.00665025971274 1.21087644009994 4.52231984970481 -0.836985542943381 3.22816120076919 6.73910085755891
4.76462902174513 0.0555441893622609 -1.18441770326999 0.70134458953324 4.14258709219899 -0.614406464862036 6.17721320283669 2.01071672145891 0.756234242030471 2.98733725029717
2.53892922985554 4.14976345314904 3.50641502116411 -0.76674382848751 -0.804528696586603 -9.26851741440946 1.77026314358907 0.90378589776535 4.07751983422248 5.9533943381971
-7.56942681322467 1.41432432856735 -5.44419689384608 -2.4056492430648 1.16000172307045 -2.7209483228636 -4.99163944933745 3.68731614779347 0.109273149535391 4.9785828486186
0.199794355763011 -1.51093827712637 -2.66756813626754 -3.30696753146758 -0.150916142314847 -4.02073908799027 -9.29881761383704 -2.12959404206395 -1.36452562755901 3.2487161633317
1.87772879370252 -6.81005506064317 -5.2130940462515 0.265895973884141 -3.03009582051751 -1.07647884772045 0.738563882045026 -3.02498341894184 -5.21202143807084 0.168673243030783
-3.17738136116047 0.325202919814686 1.9667810105299 -0.931630628085818 -0.0689675426207161 1.60429649476837 -3.15763967715747 -0.925483770923172 0.175447893897559 0.200008193506857
3.79396713828487 -1.62414181419624 3.21741827909128 -2.42646188112167 -12.5540388387914 -0.00519276389321166 0.603472562537088 2.5129166540787 -0.791439194955084 3.55098145976693
4.07843965467141 -0.279741873819867 4.66699009260433 0.237532890038378 -1.26289023098028 -7.63730531940483 3.65355927000325 0.160201845383503 -1.21018633081176 4.35974217118804
6.3926866427324 0.829884353945478 3.46170037263229 2.35733300737416 0.0340159910030922 3.03792583506965 1.5471842770344 0.897338278893774 -1.29622862050173 13.3039913939259
0.713269083978961 2.25792205243103 -0.664281016256333 -2.61321756486721 -6.18071278244561 -11.5224342457851 -3.34864882806908 -5.30748841495188 -3.81090479520466 0.709446841181679
-4.58654397688343 2.51496921790388 -5.58941266746718 -6.35636768009954 2.82713811344987 -12.5348968454208 -10.4669341715435 -0.259082631456237 -4.51531736875379 -4.50502537929312
-1.50160372149048 -1.53583112978073 -0.0397241683148568 -2.42717172574172 -6.09366555292651 -0.328933009572816 -5.96433787599064 2.31927872735243 -2.21787274475545 1.22873113650811
-1.50189493597191 0.674818865129291 -1.4681707997744 -0.448481042785931 -1.32100002501001 -3.22099825302775 -3.64033942358686 2.51076041972429 -0.205152177053594 6.83619171592119
4.38126480980932 0.110305219744746 3.8620548595826 1.6083385559575 -8.61799936969827 2.46797707271019 -2.52609876571464 1.08668024779363 2.49531147169861 1.68493558478872
2.51636836078991 0.865663780345904 4.43050448264362 3.26709126436698 1.7093240571649 -7.00142725097356 2.6853190654268 -3.72977080999325 4.07380697246761 11.0284398085735
4.79320628164957 3.79147904572919 -2.59216195648102 1.65550060074614 -9.63122638392948 1.51875025956211 1.84044545648939 -0.458807270361431 -2.21705337888618 6.59604571156771
3.28944609395927 1.70524795171715 3.33734786873762 3.39775070366312 -3.4499410022084 -13.4815834837373 0.121415345722276 -3.70854003951061 3.20826698461888 -4.00298058321257
0.390293835860954 3.0833853682097 -1.427453759761 0.0490855844577662 5.96161976407935 -0.669675432644506 3.23730581981984 3.37677037602675 -0.780791963055171 2.8099073070339
2.64282774238093 2.33815949936886 0.536492711428901 4.07288503225844 0.135832411311332 2.8893037627659 2.29668043169002 0.584900598565051 6.02119308645262 -4.89241904383668
3.02205290922009 1.06920435349789 3.45471111274555 -0.873511245651537 -3.98684944680977 -5.25835218445918 -1.1340865777623 0.243133162760541 -2.0557626624169 1.79106658404576
1.494651345339 -3.59380405056338 2.88036508179644 -0.191705556545876 -7.27739347726288 -6.16403661071751 -1.18257449960363 2.76256969708048 1.22752151269078 0.110049644207575
5.19203369223495 -0.998216310459765 3.53845253449834 1.65501441539026 5.42282344818306 5.04675139300711 3.92406712280901 4.03186876926111 1.72568167260801 -2.33941691781247
11.1930841961726 -0.881844392952699 0.970142207499406 0.422612474746058 -12.0441612409791 1.01742859083677 -4.719941906508 -2.36523908796804 1.42812109953702 -2.00750126769386
-3.31958095485099 -2.66348916980139 -1.80021276955704 -2.06560998654958 -5.43763260153005 3.67126598108447 -7.25925387029609 -4.7347156317079 -4.6285916327379 -5.15036841265011
4.93094141615314 1.13424375761171 2.05079527723647 -0.0660066816410178 -8.28029386679581 -0.117012365178285 2.88118664754283 -0.434503173615959 2.74674614196536 1.04574053491848
-1.58523892950221 3.34819378594192 -0.27912940344937 3.87661291677502 -1.67245297406534 -1.02732037591923 2.08617110073418 2.7980540633683 -8.59311413829937 6.59661196721249
8.05219359014553 0.194284564540069 0.385047075033726 2.44947659264879 -8.25859694315059 1.33907850121412 1.42653588684228 1.14590879265168 1.977711294891 -6.05272892829737
-2.27407491982532 4.21932616172806 -1.31540967627142 -7.78438790797832 -1.56514470653032 5.24626356349482 -3.54443401133449 0.286932154214142 -5.76219451866386 -5.92119713359553
0.685874525026904 -0.00371431343433892 4.1742518410345 -0.132955833733187 -9.01269911503335 1.40281357364036 -5.13350547367425 0.133734097619045 1.86441470045261 1.92394474268056
3.99596504273788 2.18573390356785 0.796908157775974 -1.17339166495919 -9.42493670514819 1.95137507959496 -2.49283885332965 -0.571866942512412 1.28001762180395 -0.293805448081131
6.83004215008158 0.70315517395559 -0.694709066102978 3.65646733339898 -10.7020048429152 0.282501659265914 -2.02141231690659 1.68426929499378 -0.999278707533417 -0.191043639867616
-0.393590485270239 0.238680897360023 8.01871594743004 0.986960182864197 7.41446333811806 2.48730195840357 1.99363859752571 -2.40103378429683 0.876406958342328 -9.74974938479257
-0.905124718250774 -2.42595628818301 -0.571986014093821 -1.8196476703444 0.000137279628469766 -14.2472372980875 -3.22435407686589 -7.02100801663001 3.97057274463114 3.56042792854219
2.69221553889931 1.56570744882338 0.177912639531467 -0.532429045758203 3.83216959351684 1.32065152194342 6.80770956813993 -0.288847147344648 0.249902748606443 0.501637901339529
4.06835454157681 -2.99362179322438 5.81178723801934 3.8300059686102 1.8162015941455 2.8816278928304 4.03243472065736 -0.259662496233309 2.50229155465972 7.29618689745923
-0.574250268279447 0.687285274495752 -5.62060669435438 -3.05907700999839 -3.30064923000908 -5.4723289365052 -4.17314977926533 5.6715683645959 -3.09266364582021 -2.31998645227235
6.82086047008612 2.68089261125543 -4.29815493090516 2.67997121087101 0.12808546642969 2.09926416910042 2.32845221389874 0.372371296533658 8.57680378059951 1.24080505799206
2.4504208587472 -1.3453253971996 5.55622424760037 3.48030236494959 7.16131903271097 1.78453701423222 2.8988503266446 1.3413014858564 -1.61800170547651 5.09963232012462
-5.2679010981918 -0.468112081302142 -6.58832431617108 -2.52212750803343 -3.85375207778347 -9.97151278552622 -5.71223682886529 2.28456566761721 -1.73516986604945 -9.77302611909174
-4.18914523173365 0.702101179677194 0.79639800421711 -4.53081143726877 1.11346589016569 -0.380434945806772 -0.932096815186402 1.01345078257082 6.52781851722675 7.63434293289715
-11.6394016275249 -0.696232914870115 0.137066169780759 -7.40642453272465 -2.93915664291019 3.40127086816234 -2.66280122998444 -3.55427325748554 -6.44986968934399 -0.0569446184178781
0.396044017620387 -0.233744967156587 -2.47573881313401 2.85490282751027 -8.88374803208601 2.15623834220725 -0.0736627669803458 1.87205069509512 2.78405167150859 3.20877944979689
-7.04251961713922 3.22264936764326 1.92677881231735 -13.0023849918631 -2.27621562349237 -4.60442487385272 -8.47560263195701 4.13727202098494 -7.72572257905644 -4.76303142552802
-5.01779397086711 -0.00670657117126983 3.77813745353843 -4.89089919737414 -4.54031185086597 -9.61744020241498 -5.98660677068999 5.11622134128312 4.44305608937069 9.20705456074631
0.513020894705063 -0.27633923463395 0.439981767431972 -0.0609259983647871 -7.78390682933489 2.37761124212368 1.42906599439954 -0.714140040162922 -3.84274377435048 9.6742651951644
4.13236043181738 1.39359156909812 6.63714787560497 -0.240277784933238 2.22704120330252 -0.552125793440898 3.71727446888148 -2.03990899888961 -0.362085322797171 -6.96908202744574
1.76747605799197 -1.28587945124444 -3.3408503206292 -4.22786954711224 -2.14288683030156 -7.36482605017562 -1.02680251629602 -2.0942027399263 -4.42750883763197 -1.68143432438745
3.83988470626294 1.4206281871659 4.01135152839101 0.941230661303913 -9.4588216215823 2.55619866533028 -1.81580418821964 -0.265320876603078 0.431688687778224 -3.59874569688933
-1.87672338622481 1.46779475245082 -1.7638278020506 1.20753643319769 4.54577843916429 1.76141731194751 0.59284040821688 0.75251588566756 -5.67469611504179 -0.382084443665292
-2.61601599467826 1.76579370637841 -4.2853312226524 4.67442857701513 -2.70133580894786 -8.8309612999711 -3.40305865057424 0.691538160716928 2.30149181396277 11.2812385611883
4.24307360081795 0.547565606291788 -1.16735403497249 -1.60223939380155 -8.02958543817012 0.262353490148191 3.23922635262315 -0.50543976748803 1.46825718844653 3.91201516844442
2.96978408540569 3.20146269321531 1.2529164897947 -0.223620073154757 1.45813751027254 2.95933976471834 -0.733031197256253 -2.52799715368618 -4.02972373563227 7.92629190314648
3.89837432709445 -0.361546905154433 4.53726355048003 2.01470376049329 -1.76144397057095 -5.97518475511944 0.64403978160061 0.479975834697462 -0.775893005089852 -2.46833727568862
-6.94053080215983 0.286188713596573 -2.61393218436606 3.32045621484662 0.111818672773631 1.25891457737183 -3.73275309481438 2.05653153900644 -7.90638605205453 -9.73033714942984
3.5185311269711 -0.491144766104134 -0.267612800612993 0.0038860054688874 0.465769494044407 -8.64701036157982 0.740774584319673 -0.302471850086985 0.553333637562428 -3.96287538138568
-3.53623733682281 -2.06931056881097 4.2363142345221 -4.09580581343827 -9.91431104111693 -5.80346063194829 -0.770430075351442 -2.72159333125138 6.36625801158962 2.52352372289121
-0.185082556490915 0.960471058295213 7.74223849750004 1.4977648317063 0.846486069208816 0.0821545255453229 4.16745003425356 -0.0130434436090335 -4.25890652298435 2.07876627657123
2.07831555392667 -2.9172522139989 -3.61501496790564 -3.8767716725617 -1.69457344405229 1.18731425061608 4.52623185524075 3.43751186864793 -6.17888632221886 -0.0316522623444737
0.597764249389508 1.10550956792433 0.247739107556867 0.89241796122002 -8.27496724027182 -0.832257360280967 4.274775945841 -3.65220424657601 1.42540506610385 1.33118450307928
5.08597157045982 1.90826914161613 0.115306864413361 -1.01085350472268 -2.88230895275597 -5.40886011033624 2.33687473015528 -0.614422725988032 0.9481913692386 3.67701346874851
5.91811764523768 0.442109491885965 -0.267113103339056 -0.60055607807323 -0.577071130790055 -7.6955456258305 3.07056103786777 -0.145502636369489 2.36808915625643 11.3928228475697
6.54959617322831 3.01928081106567 1.19758519036504 -1.28302982202029 0.403750114685717 -0.222982508702852 1.4423511756116 1.73969535371577 -0.535787793757876 -5.98083210331136
4.21540619097112 2.77709635843763 5.93707562665673 2.05016797258779 -0.916545896730789 -4.82202049296032 3.54809113505565 -0.981234635975382 3.11345056978753 10.7145126903955
2.51570513421438 3.80571035709407 2.08900957295187 1.9634048359645 -8.31537868805766 3.78580165590889 1.92807331018267 -2.17485388270897 2.00243717023229 5.76298024850593
6.59995561714523 0.755697604224319 6.00156831568052 1.7675666712851 -2.20590059733143 -6.24094019092839 2.75708568564313 -1.13337887649357 1.05096573408782 -0.287201089444504
6.18260235547361 -0.502043568130756 -0.20438251467422 0.180764125704008 -13.4448034326797 0.374752991330066 0.192626358595268 -2.58078754787111 0.210454272596991 8.050190770906
1.55815004236015 -6.42638143479209 -2.89847699673544 2.66432951719894 3.454402360312 -2.3691988592301 -0.522602214661211 3.19175049992913 -2.21582589577876 3.36756214239879
2.41381816771486 -4.60350448702015 -3.08620466351486 -0.332628709279311 -5.0042578211051 -2.91263809865763 -2.3764324579554 0.241891028808549 -2.7259744447245 2.32525125642519
-2.35261098693461 0.960167262387876 3.28878004420114 0.50709496395441 5.60525922971127 2.56762293929832 3.14974418109328 1.11762674653198 4.31587031452247 0.0536507154675647
4.44477115466515 4.67545462564835 -0.941197762771682 2.38842579169426 -1.92978243584846 -13.3090427005344 1.95413489269363 1.96052897829122 2.57456100936784 6.79343239037061
6.07391120255246 0.518189213108365 -0.431337939849247 3.45961127248719 -7.22803423267598 1.03962346189146 1.15438401902407 0.201171032221822 -2.55339091755126 1.23895231616721
-2.45936352601623 3.10298737749038 -5.5281988571276 -1.19581669362413 -8.67088609159678 -3.52350721346488 -4.44750757420755 -0.277908375499475 -3.1735255439467 -2.51177321414767
6.97142738686964 0.00313604793390609 0.465552029831492 -2.16387090830223 -12.5282165606866 -0.899031238975637 3.64848926471565 -0.781119903919919 -4.56251331463344 -0.585060734033608
3.96952822278674 -2.21577575973774 -3.09812341700837 -1.65199743527351 -10.5465519703682 -5.41225527308486 -2.17418373408277 0.459489847245693 5.55874666489336 0.0266323804881758
7.08466883153174 0.453223934033331 -0.449142602649583 3.0229788206148 -8.00847303735957 1.4703833463526 2.41014233430848 -0.425861233305441 2.42421486572896 14.9011627508249
3.70407220426954 -0.462727429650106 3.13773428824877 0.157223232372728 -3.29110402012507 1.39732836721054 0.186468817757234 -0.170915302550756 3.72714625364236 -5.63460172311099
4.14144799065196 -0.10633437892829 -5.12730770288423 -2.25921368895837 -14.8152637167429 3.65337863775411 0.336223440193942 -0.806019434427901 -1.88358676666706 -8.45755282706568
2.74805390908313 3.08601217857556 4.41704533857999 1.98111095194593 -3.15302011744376 -12.6048991895436 0.517395243009898 1.84750859840556 -1.18643437881961 -3.2398978930352
2.54499134827987 0.847606179350323 2.70856111996665 0.600862564044621 -9.53259726605784 1.23043001060336 2.51697824628072 2.32798960013965 1.49031858280836 9.82861728732123
3.56398956599602 1.07844125269268 1.87556290487907 -0.755016874656332 -2.12008890588977 -11.874176131084 0.411374671104921 -1.21853555812252 -0.242656012584611 1.85018695882711
-4.58588615186718 -2.9405168371646 -0.241508268254983 -5.75358570240984 -1.18160216567706 3.28875418325255 -9.06255427959651 -2.29486675899627 -11.6117275505889 5.47068079313899
6.37724803740742 1.19541491579807 0.588398680753444 1.82505107074102 -0.129725726551642 -5.70425791719867 3.60457900384764 2.18532998242687 0.0524343228695031 3.15382790699663
-6.41006441916659 3.05484597352961 -1.93230453034781 1.08059780551234 -6.81109900457708 -6.59327071409355 -4.00830193943478 5.45198307162805 -4.28815787542243 -5.14220022866224
3.97287340861985 -2.02356747983648 -1.04511896136469 1.19415767373789 0.731131771936386 -8.40727882841948 1.49566914402349 0.92899512919439 0.750990427614478 3.4302724691163
2.40177681251141 0.922993562117832 3.22913570076378 -0.235397227091457 0.859126882197349 3.22102044938974 3.9182709446939 3.08887593221394 2.18700643467179 5.66345629040857
3.67281668799549 1.90508254261872 4.28432625708804 1.67247423460959 -14.3316368112601 -0.188421609353326 1.68050851203792 1.46207765897131 -2.01282080974236 6.63539511279446
6.40805712626466 3.35056552699548 -0.818140481994787 2.20317090872408 -3.98397103126514 -7.01001488829377 2.11370146301654 2.12491094026683 1.30621995034399 -7.17851295753275
6.05197075743386 -0.47652966786232 -3.01724495251683 1.70059971830862 -1.58847280930006 -8.98631647392746 3.20094221156393 1.01849744461968 2.7386344875235 -4.24268223556913
4.00405514149445 2.27694315124189 2.13075258793977 2.07925466467138 -0.510518401859416 -7.74603930961457 2.6743420878448 -0.680770729235912 -1.99531154291519 4.01471370188435
-9.44140979102957 4.47182208007368 -3.37537014152212 -3.20828473581804 0.560459976283842 -6.33379223756329 -6.56941709231033 4.66085143442843 4.3319874850812 13.1316596949319
9.36936355229277 0.616474339994755 -0.0356264211283661 1.28579444531811 -6.75859526201627 1.24048079125182 -3.04647818823647 -1.59080217041603 0.76158811994725 -0.548231775043953
6.70900936259911 2.7336061800864 -0.255548537061423 1.73276585599439 -9.82131945826423 0.482340850611139 -2.26263882396314 1.40718023002057 4.55610728586008 7.03088404728974
3.13812302390776 4.45147321124821 -0.830832338064964 -1.08709048213749 -3.73832488022358 -10.4116743868899 2.58518961099491 -4.47543621351596 -2.73255798530392 -8.00140828067233
7.16197879503911 -0.0186733762576528 -1.72620081810053 0.239446836047576 -8.45256177873835 0.375316867190171 -0.811382002464905 0.141270522664601 -0.709607242032919 0.773510787998808
4.71059352330412 1.24069025685159 -2.54832711462941 -0.927396970824038 -11.0154487767144 -3.78291148985704 -2.03437391851143 -1.24594479329944 5.74087264251075 5.49814542217029
6.56210078598601 -0.249058921030831 -0.478717317536284 1.8075513771533 -6.6479117431236 1.23958842605821 -0.140388011937694 0.457603576738277 0.0563593143574847 -1.70390665154774
4.3737571314247 1.62076259400711 3.08291474122453 0.0648338589697672 -0.805923923585472 -6.32247779142858 3.2828430117737 -0.749682485844277 2.87898679680981 3.14102107814325
5.95429624130152 2.2807057682451 4.10117857186854 -0.54038448063412 -10.701222489074 0.595963625196029 1.2929785872752 1.17425521150822 1.78401806660892 -2.59369160315277
1.49478658544042 0.500235961490204 4.43461354017685 2.03165550183425 1.10465032217505 2.02786161714114 6.77168106223116 -2.37241643386667 3.04016967993834 -3.86275446317408
6.5228475194245 3.04434726800479 -3.55676713598573 0.87560081973848 -0.945144203397352 -5.12814377449799 3.88887488465705 1.58154392858978 -0.551157999936774 2.20049451864293
1.16619753428849 -3.56772703811753 -0.0462806007459284 -0.0214811214947632 0.388288086740306 -0.000358906017163374 -7.05811178781758 -5.98664064899528 -5.56456209024109 5.1060192253037
5.80171580713623 -2.13353402839468 -3.13489566805348 0.998442913883 -8.75187363154234 0.572597052152784 7.5480189040237 -0.381670006413554 3.95568785064534 2.17992028186067
3.89488152329915 -4.22988888093273 -0.431708667850168 3.82838326019115 -4.29482110846692 6.95685526752535 3.67500070745741 -6.18142034164018 -2.97149200650972 -4.97010458831084
3.5073396374362 2.12095855479595 7.47649964648449 0.0853577993377912 -0.0557068058638026 0.760923055947225 0.826655951806961 3.14796636768931 3.85308983619415 0.771557688048024
-1.06247603470243 2.6035084949788 2.00461329901168 -0.268982006257626 1.78056144146194 0.58117158081796 3.68129567074008 0.989780517498658 -0.400451185158889 -2.59550646618622
-6.46690251483355 3.47592213695562 1.75403799405527 4.97721280042385 -4.0212424590975 -8.71019393628933 -2.50775218366104 3.66142299247872 0.226128496373609 5.86408701612508
3.01108533456059 2.16210162324785 9.37545822102928 -3.88300329306562 -5.54032847287212 0.532744888562171 4.9951306109393 1.76998597195526 -0.862671756755477 -0.0864022566535019
2.079739045009 0.762024109346482 -3.39852005189058 -0.736013379974598 -3.81880709547749 3.22129943046726 2.8805138626919 0.168104924483024 -1.85069562520702 6.48099897506513
5.8088880857451 3.38584707832114 2.03533238238305 -0.134392167285849 2.73787580918017 2.22516102436435 3.0832376169477 2.66256517079058 -0.18666687349139 -6.47316139218241
5.94845248673921 1.9816034408678 1.66679835470692 3.02123290442078 0.830853363400809 -7.46253376043619 2.1795134503298 -3.24656260160568 -0.0894702996256795 -0.795749780875911
2.54595039717572 1.12483367671025 -5.11351079175031 -0.989875926122988 -15.3468203764333 2.52117470823057 -5.78882096044117 -2.30222955680775 2.28992449998525 4.24518777716824
-1.92185196647393 1.51054756819603 1.11000896855817 0.504203360097397 2.24529075439087 -5.68229837276988 0.875098675376972 3.08796498420501 -1.1016308195271 6.74459793583301
4.25635090814477 2.18430573826976 0.822271000736083 0.916245477069811 -2.5860366420228 -5.27125859527243 2.93532910277679 0.920736648007482 0.545112836281592 2.6162656868048
5.05552500098516 2.06158667737692 -2.99453908433664 -1.54001158233666 -5.15429103972604 4.01271074930096 3.57382733490928 -0.785612905626426 0.619303281502258 -3.71334191757654
-0.877864786228288 -1.25432465446412 -2.80057695843032 -2.08536149580143 7.43805357122432 -1.57279795247789 -3.47022020716083 -3.27338047975047 -4.97995010847487 -3.67326290087911
6.4928673662508 -2.51382328178645 4.34256633414556 3.74683714265817 -6.79807525484149 -1.90504492498172 4.22113540654424 -1.29542419921966 -4.48116540677261 -2.36778391426295
2.81178481142125 -0.841686829061815 1.1621864076353 -1.18468661458276 -1.43708118092283 -8.22076942978115 0.130819237653221 -0.343382643633923 0.107437351595134 2.93403589961006
0.794538567505425 -0.455257919283503 2.92998238889668 -1.33992762876389 -8.18802772263142 0.963555707731109 2.04811936521319 0.562383991382522 0.715982465388987 4.71626919598034
-2.66457458141616 -0.392352382901045 1.48552435686423 -2.01419574442293 -1.00537746976172 -10.1357836136111 -3.80803112830213 -3.06511927153116 -2.97244181645109 11.7472034444588
6.27474208913219 1.91739053172363 3.38064579602325 2.60803617463856 -0.10275346677253 -10.7140327436966 3.78069705310334 -0.90405482948677 1.44893116098129 2.47757823387012
3.54365554568305 -0.463336269389179 3.42665376104286 1.41130527008733 -9.11897694384741 2.55101668729507 2.21659826549388 -0.337078692697006 0.84974871407014 -4.65528605854053
4.73959268025814 0.86932811975877 -0.999428297793838 0.358543196677327 -0.756321577679202 -7.43448245520878 1.07849721513445 -2.95779891006637 3.28996944904141 1.09041911618463
7.27808648192187 1.10134179352547 1.3257129339943 -1.39294324209511 -9.00018468242751 1.59537139294564 0.0858133683883371 1.89989696840881 0.563218303679849 2.47450987947104
2.00007529850701 3.55824766994205 3.10543520106106 -1.24577807751914 0.502559691951949 3.34748446031672 3.76213607108513 -0.103352185918206 1.05734072207785 7.63009389198935
7.88980327453423 -0.141764943515407 -4.53205455305877 -0.299736338951297 -9.06968153841515 -0.142601984161527 3.47755220449198 -0.0489345007425005 -0.170065994126273 0.73643607798732
1.99048986379878 1.24677255576291 7.59059008693211 0.435259318971404 5.36784399836195 1.44844331205313 6.34567032215537 -0.00172796381356938 1.22999690403642 -1.45239083431023
-3.77949449729195 -0.318257930718639 0.612920054182129 0.541755993585488 -5.33532061858526 0.521796942340848 -0.104295152674381 -1.35378931133915 -4.28570566877322 1.60951737535848
4.34563957828995 0.211858381484228 0.544670482910318 -0.355637836890304 -3.60328153770159 0.371499440726912 7.35227965757918 0.334129456249854 -2.77908245292992 6.17204253018183
3.01872281512245 1.06919499001587 1.75803308332716 1.21352010371752 -5.01827628136759 1.51742734814716 -0.484329010652817 2.08707826113711 3.54535023790606 8.82589345099157
0.83689696582984 0.229303079688834 3.98601635068604 -2.95336090768418 7.2718201068819 6.06233605469997 3.74340617563585 -1.20818500540665 2.99801138703329 -0.878803460620336
-1.09874334680016 2.0441150841396 3.20603054196768 1.48699843059015 2.47512622734661 -0.937681937889674 2.64331233822748 -1.36662988284544 -0.591896009805964 2.15078720917489
-7.08626153405772 4.53776488314162 -5.2620988070933 0.0963490849329067 -11.0451750568706 -4.67168337952521 -6.23339991137131 9.23377699771396 1.94437231948424 1.91032666319861
8.79658463963177 -1.14655303019746 1.82670351428036 -0.55960921509408 -11.4870697823814 1.02278742467283 -0.433241156072608 1.81524524072857 1.37501745770708 2.94983286975531
7.02130655164469 -1.70751270986184 -1.92865507744078 -0.953882687778558 -8.51984398760719 0.0739368591995782 3.01317417657036 -3.03065264530833 2.38704135330787 -0.252027569111474
-0.990798538166022 -4.86463428440289 -3.08104638505367 -1.00204582369175 -0.935045370539603 3.90139206657747 -2.67959164038114 -5.72402098698445 0.620852654702799 7.60126720894842
6.1536118164795 -1.14444614546259 5.08850550085118 3.99674567969371 -7.57045221850674 0.809899763475251 -3.13478997015838 -1.07137729313613 -0.391652193490329 -4.38259365152654
-0.785566644951192 3.64251352043294 2.22433951126497 -0.493304586573103 0.935742892409254 -0.398588442032596 0.378983430042355 -1.19645337474963 -0.795213737369122 6.01527520954196
4.56036009879513 0.534221620712255 0.882534855244805 -0.527684257319557 -3.2989153877598 -8.66211767374454 -1.86011724863505 2.13715736142652 -4.24153170839229 1.51087975217351
6.52558035616565 -1.68601963761672 -0.669179009900965 -0.289672411375458 -13.0113950830897 -0.474962833787137 -0.731721453798636 -1.4065454919449 4.18422827342268 1.97975373140118
-2.27650411345639 -0.271930100618281 -9.95544691990817 -3.12829261015095 -0.297812217000421 -3.45461550212581 -3.3494563718436 -6.53050245956126 -9.04175867898074 5.56933983352669
-2.21899613532596 2.81659862283655 -0.535817532719353 1.15502950715251 -5.26807980445339 -4.71267086479297 -1.76036429079411 1.34263382859376 6.38628432450655 -0.450924454616666
0.666440604939293 -1.28816908377244 1.09823105843389 -0.0700335586910366 1.72108345693696 5.2978975328754 1.15646844748336 1.43194995608888 0.446296112543667 -3.96337081528328
0.174303974469024 -1.07726242981159 5.47955873451024 2.5873374997358 2.05414963433814 3.48469138272718 5.6564875818378 2.09496529969519 0.784623644976444 3.75205857643138
4.58968395605313 2.87147192052394 -3.75321862222651 1.63994665694818 1.84183178877032 1.48356183067174 4.66499459926901 -1.0940673739238 -2.21854038734055 -1.71999100391961
5.13056928408526 -0.907879942668218 -0.925670383477637 1.38600515437869 -11.1761601295738 1.13692521372254 4.14194773998595 1.62873726445562 -2.08416580187514 2.26368802121745
1.29184678526732 -0.472308514034415 0.750653032466641 -0.25481627605453 -6.99912247676263 1.66336253178827 -1.46854068795114 -0.757475836190272 4.1945455855989 10.6467898757875
-0.456830292613747 -0.263370932040669 4.66435082581345 -2.97944774266328 3.51074204453788 4.59529291492469 3.27834873944225 -0.446127056356955 5.51253519423052 0.562136493044283
0.269388082189109 2.93698966263415 5.86193150768271 -0.384761917953424 -0.43329402266076 -0.714228733230286 3.45672471988888 2.67026302231754 1.93094698527386 -1.53458341290847
-2.91694759615264 -3.3020548163912 -4.08525927155391 0.311324001570033 1.8014116345834 9.65774166407926 -7.66494506721802 -5.21055348141584 -1.94317698524393 0.523596372401826
6.35414109278915 0.120714160829006 -2.70280247998384 1.04737828995407 -9.00188845832539 2.31826317861657 1.80064065006434 0.660006789235424 1.68864011710849 4.75359716417893
-0.0937378447214707 0.442038878395299 0.0397702293076216 1.26118626595061 -0.36417782278248 1.18322923005393 1.13030081655778 3.8160903995949 -1.85170307742547 3.0546863335904
2.39539371961537 2.73731022944247 -2.48090031755539 1.0516349705701 -10.1793019276217 1.11448980132621 -0.391795481169751 0.549517993460096 0.844955310278209 2.23075515681049
-0.711436252355353 2.92252018180689 3.41066300242578 1.34663027074851 -10.0171598542359 1.75581719185476 -2.25677178509959 1.55595454200864 2.85538822782768 -3.98099174084494
-5.29258919536619 0.487721044345001 -5.39499872754603 -1.77991737060378 -5.01272729454655 3.04124481528096 -11.1912597889026 -1.04905679146179 -3.74285042583489 4.40533300952661
4.07970533412129 0.998756540748185 3.26415432787064 0.442781377742028 -3.8977518756216 1.61805462025484 2.71991785034274 -1.09670416644877 -1.60761874329742 7.86969248755052
-1.35227179746588 -0.140548611050919 5.84358625961413 1.30342254849944 6.69435862564654 -0.207511398785961 2.2868929086247 -3.07552296832346 0.286505193047815 8.24867902342998
-7.27809419759044 -0.4523784978764 -1.47397487129616 -1.10459397598283 3.72104369902786 -9.16650117721562 -5.36984381298212 -1.38275480816536 -6.85683720009231 4.35653265121704
-2.82531064328104 1.79308660453444 -0.653967664276474 -3.31090381103308 -0.809221148845949 -10.5052983818247 0.789293119925453 1.11898399978655 9.51803090350385 5.87615977710125
-1.12823831263229 -6.3130161786291 -7.29610183425181 0.0544002647678452 4.43157665763223 5.67840371080101 -5.40564424456806 0.339663346761216 0.13536185226012 -0.290554026753033
3.59083712976185 0.363220619898013 -0.599510629608927 -1.34639733131956 -5.79791404049756 0.0291639336873422 0.787343142127533 -0.424171958998864 1.44253747868135 -5.9974257229502
7.20910466431576 -1.94777731185948 -3.2930463084642 0.375144025268865 -8.14424725446488 -0.0891994708865556 2.868930265417 2.48485874692398 -1.06483450833659 0.939096939107692
1.93982997332885 1.85849774490629 6.80786224466409 2.0106000415394 -7.42603031016144 -0.792774507766816 3.43338339189464 -1.15122622669028 -1.30069090311009 -6.67676157928917
2.59464365810012 0.391193967815082 3.82694009631294 -1.76005566012101 -8.87424124034139 -0.041625378884717 2.39642715574541 1.35923485881886 3.29819455010437 1.23633007077309
-0.171650572485981 -3.20647307388441 -0.509663201239629 -0.71501926678653 7.13521425118967 -6.84246534920131 -1.65942153988703 -0.0156303575776753 -1.42789179478365 2.28064451233685
-8.68019601301245 6.00292408912765 -0.920822469602582 6.02451556109235 -6.10750086276169 -5.60007553840198 -8.09644451784223 -1.77006813237082 3.51736946681241 0.334441416776022
3.12120976000535 1.4944439255985 4.09239085587661 3.5221686565693 -4.64864657499776 3.75765494685706 0.351396958020403 -0.123348191358256 -1.1431935115475 4.42376044944645
2.22379564578357 3.60049383728469 -0.0870277002786883 2.04480229172428 -1.48845728335555 -10.0203257009491 3.06381969533162 -1.05014462529543 2.00279193123124 4.3414529940124
-4.1483192353696 -1.95683071419328 -0.707815503035298 2.75596102965655 -4.84460929939132 1.31834373951144 -2.23998516508438 0.157133840359609 -1.84038986002977 9.76928127075275
3.39488671736543 -2.66048899709713 1.79397381177694 1.30283398513845 3.65013755211142 3.02315471690004 5.80507148945387 -0.303406456763603 -3.98102587472733 1.86275507053852
1.99739207647753 -5.24381745980549 -3.303437327196 4.49069398553886 -8.84414443630998 -8.02536406015997 -7.63661297878021 -0.0357542678446907 5.11502605119647 2.80540147167258
2.16957886687945 1.92831117383513 -2.23536748501423 1.65799710050694 -11.4739355117224 3.0780295285516 1.26122791937268 1.13960804596068 -0.528705458869691 3.88351505171071
4.23941190964568 -2.48566467760184 4.23585818594436 1.896183522646 -0.599077289272142 1.47018134118202 4.73725255309719 -2.10355632386976 -1.35999093353593 0.783518497327927
0.652515571625258 -1.09154850225614 8.74658894024636 -0.76016128024283 -4.26266009006496 -6.25809534731276 0.978508705333239 -4.06331077991565 -0.843622423885188 12.6053805713279
-5.05665030368601 -2.66188721854342 0.323083900048243 -5.4304168774895 1.61969129113431 3.7390911100756 -6.98454185809647 4.53422585117053 -1.91880138706962 -3.34845140927621
5.99642450498206 -0.780685836496575 -0.474914336740785 -0.117022496500581 -4.19386222290465 -4.6554710144234 1.57951175553828 -1.50087889646697 0.252936089954495 5.26042157885996
0.995757793243792 0.157086378324866 -2.82397726779361 -4.24044895163393 -9.03485726719243 -11.6450730231441 -3.19453268695847 -0.866322515379249 2.93334152519204 4.52714787607578
8.07668478213652 -5.11409149360309 -1.0983460096516 7.21598980748815 -1.43749703547555 -0.861185868997825 1.79266083375983 3.27998351561502 -4.45541486127848 2.97616663611188
3.00709520639654 2.94619072988986 -2.85075731188518 0.956035716839441 -10.6776769380002 1.43859835963091 1.67180355571612 0.151322655437122 -0.441740931218277 -3.02521441997924
2.59810137563979 0.211158477216379 8.16459141774998 -1.86976636118082 -1.13057539337058 -7.24445094598954 2.07674098100513 0.824281041588574 -2.47795779962272 10.8893888480247
3.76757793352534 0.893018206878567 4.98659068671354 -0.726040038306475 -6.31325165747456 0.387618830092295 0.601762123726542 -0.880733986659347 0.655787749621471 10.7122313125451
0.997206061068861 1.04068564058266 0.694517298118369 4.07624371357864 5.20905912883083 2.90716236997614 3.1368176841499 0.215438652907901 -2.33453509690343 0.282642377529669
2.57940529512546 -3.41852812018955 -10.0937222367562 4.97424555480199 -5.60359458425098 -2.06011869348598 -2.01982341382137 -0.84658310637661 3.88407374122714 4.39968783618289
3.71738129866909 2.18308758292582 3.82287133345807 1.89794238176428 -3.65163135880218 -11.6950645438728 -0.259312749993518 -0.615377207580327 -0.489366580728826 2.0062929121776
-2.18198143437032 5.29880650435468 -3.90277592225571 -3.90537630289069 -5.3379650546613 -7.14154124823845 -6.03136456446914 1.97883274437714 -1.44063514515297 -0.0561701567165263
5.43658004757642 -1.3252546359129 1.01917224125648 -0.592380777463114 -10.7231543243024 0.4500299614896 1.97768464642048 -1.15647053706531 2.59785288482432 -0.464927851456408
2.62382979331334 0.0592194754187574 3.34995481393661 3.50779557324055 -0.783469699272625 -3.23531310954956 1.26146609123017 -2.16035450946807 3.11033782084283 1.96258271117532
5.92947561926353 -0.0696854464150893 2.20091683693352 1.68390804046711 2.47572882455403 1.87281403912719 4.09156573415324 -1.88672726428394 2.38091266657813 5.85318623481834
-8.18305255518176 -1.01192083411102 -1.66578060378583 2.12545340861581 -1.92197859520207 -4.24925476262527 -5.27089838680056 -1.64537373062856 -0.563469215237862 4.51984136251498
7.46363171552546 2.34328029299358 2.87004284515478 -2.29902656739927 5.00261171173808 1.93525206079675 4.73681059511835 -0.363841131910142 2.67063195250356 4.54801136912881
6.28041506637577 -0.746190792478852 -1.08999841003114 1.13477941653606 -7.99175154219 -0.14250760994089 1.37224901211201 0.683008835526872 -3.25043929543921 -1.99168640125883
8.69964728968688 -1.91257158324517 2.35809787133243 3.36389142001319 -10.3325625484279 0.532293080744664 5.20828529641484 -0.391307043714534 -1.49979798490674 -2.8484248745846
3.81618212509212 2.18947192727951 5.63870473842749 -0.954091863262741 -12.8799426792425 -1.25373240743669 2.97975372729951 -0.635501148419433 -1.9942012652027 6.62337476296806
5.17534727574317 1.44048798986827 -4.16178895325389 1.02757126570774 0.767521902708886 -0.604159713002383 2.55696168351102 2.6770687342314 -2.39430541556939 3.73943357203909
5.88008781966023 1.59081278943628 3.15714128784148 0.766667985021963 -2.30343160201103 -6.75522613839613 2.10840033735037 2.42390233878416 0.85289026448369 8.44584302165845
-5.10819652395647 1.82607908808451 -0.849214133481197 -6.64317186913255 -8.03744923386891 -4.96800342587403 -4.76050137846354 -2.34285662523579 -1.66327238523261 -2.76025557604887
0.743863108604103 2.46690602885023 2.31494735765124 1.58150548426614 -0.524296970906287 1.21554671251057 1.99009913907462 1.01982343124518 0.816149937467115 3.69008872588131
4.27734869271888 0.00514908953679871 1.6929851267401 3.32447917046462 -4.92174480798392 -6.10941043459472 2.8615632816992 -4.115834037807 1.09914290949707 1.93032893096043
5.19924800728174 -0.0163805419123788 2.9848207070175 -0.354898483595456 -12.68455336316 0.625309118825653 -1.33216926378266 -0.31444572207754 -0.038599446770759 0.369762618118099
3.2780358121721 -0.0648345826860425 1.57589647384382 1.83843208267178 2.65119880825191 4.95629526448609 4.89519376299435 3.37134488228162 1.98707500717324 -3.47256814587033
4.97556076174029 -0.875283810496168 -0.117157219659866 2.61138703857683 0.555280608579481 -7.75310681373664 2.14633873831504 -2.10076768550567 1.02466810669569 3.26413668147151
4.7643062705114 2.10003462437075 -1.06214975197706 -3.43233119222412 -8.27518875897588 1.97675335944586 -0.138696757692884 1.18808647002905 -0.423391793375359 8.26182098653161
6.25794574917809 0.281390853560986 1.89924686310316 0.705757727739296 -7.54324128247174 -0.981384086222744 3.66371185781554 -1.89150980219771 -0.790704483354767 1.36016777891618
2.79304989243553 -0.496628201720856 -0.523869055799864 2.55738880617959 6.4751570727302 5.21147974656957 5.06893582019127 2.41263973068333 4.50104228768506 8.05437372529925
0.520200477604906 -0.0752755920058189 2.31016731412308 0.688258452641805 1.61203286708781 6.22142498016119 2.77968301750269 -2.19797530999655 4.18798805436865 -0.371824997187472
0.950594088734536 -2.85253938241529 2.63576943703274 -2.18455682491355 4.54243289956216 0.83851717112084 4.25524046291008 -2.30386642244368 -2.19263594345589 2.49216870443499
2.31881778470653 1.05383336224726 5.1044224558508 1.00430810285183 -9.15469926416186 2.43414792480542 4.02152332626544 -1.50786646143451 -5.54140103625989 3.4302841248342
1.49123108974568 0.420944651510563 -2.86583329786499 2.38204516354234 0.481110949604124 1.05006377058431 4.75455934543031 2.39677868092698 2.39092608788387 3.87700854703954
1.40427095082103 -0.281253083923125 4.13749493139328 0.284237290501587 -8.73610036606302 0.152266675063281 5.80965419320222 -3.35570021445155 -0.279028869669926 0.45129874674688
4.96716418171092 0.29258623905339 2.53694620595524 2.34087312314372 -7.83879912179536 -0.373425953040206 -0.313004573221958 -0.0448860050391996 -1.76444718929897 1.64660094532827
3.99339536080114 1.08232080100585 0.835939781645916 1.42257138386664 0.225142682083167 1.05295639856646 5.7545638969687 -0.774537209841143 2.56412227471986 -0.35198860675001
2.73578564248465 1.71634502028405 2.94620814878973 5.03917547665558 0.789291644069196 2.89811697611402 4.9270044057404 -1.5586492793649 2.95495371081467 4.25943803641621
3.74356904563647 2.06060212043829 4.8958256423395 2.32568592272292 -8.61324689664364 -0.124912588304904 3.15606755167252 0.105701595662973 2.93658456873968 1.82562248205289
0.501857183105339 -3.73524307778502 -4.30190867786852 1.15133812079223 -3.48327934054987 3.79587127694184 -1.57051405856002 -1.22564987588582 -7.03281187659002 4.23679561105985
3.23713804987313 1.58330941899011 1.52223509887968 -0.942668517656153 4.09704252726564 0.335703610234714 2.89055638758488 2.52367940560545 -2.3014613783991 10.6125232168555
1.08300820728609 -1.18872530072009 5.70288576059807 -0.17381241062655 -1.34939567927752 4.11799315575858 -0.0693399373600356 1.86335824530003 -4.16255162771988 8.89097459530196
2.27735956660986 0.790209707705252 2.84482675013224 1.44115821535188 -0.399562244912731 -10.0009012434814 0.756784491613625 -2.27108865837856 4.57349254872039 -0.576176558618034
2.33778700157326 -1.26834133639166 -0.0401755724803015 0.94183755379636 -6.34919364001929 4.77017817084058 -4.78082433323542 -3.18893096105933 -4.93863632825032 2.44781408000135
2.5172941496191 0.082132111234074 4.44127821155248 2.73364844257154 -3.07330412508007 -0.0395842295298612 3.20237830003098 -2.54081817183161 -2.97981464894259 -4.36457622207902
-1.71042925726554 1.87933977006116 -1.53886779802944 1.7706834191045 7.7546142102573 -1.30569186785062 5.30150279483228 1.05046599623017 1.53285290051758 0.630032151809884
-3.41696046719059 -3.15758811081326 -4.76343213700758 -2.76570054920212 -3.8574483860457 -6.42690431069941 -4.53925933581443 1.12220951415087 2.40508453605904 0.947388724253037
2.55185113339494 2.18507287258551 -4.7459099695799 2.37569990050199 -11.6430299551283 1.09164679560816 2.48260868190433 2.49140487486804 0.28799048518718 4.68007126300154
3.75479303698988 0.216359151595154 -0.108979020295628 1.43643700471003 4.47116342343082 2.49723723199462 4.16647080162719 -4.54492173464867 -2.3844886987911 -1.52447014675234
7.31735119798862 2.47317597489334 2.5619888089806 -0.947313367585203 -11.7852516125136 1.17423933198567 3.09613909945098 -1.71293513773064 0.9619490482413 3.61009944721183
3.7706649300391 -0.335644660663091 2.60003048083622 1.31770065275222 2.70922142070764 -8.68642106821785 0.609496764447688 -3.33649028826679 3.1554739832515 9.293757038598
8.37034847897541 0.559172034461265 1.41100065150576 1.19168431285637 -8.33849653010974 1.89993716534505 2.57857349698604 2.50745277435281 0.0948828368421819 11.5898778700091
3.89746411843426 -1.25181474477488 3.16496817008529 -0.147990043405616 -5.56048613261307 2.32207374592702 1.37895294781204 -0.278784411891946 -1.01106195673373 2.24581354847426
4.61834940235601 1.63607989321031 2.58865039111212 -0.662845637208941 -3.14304719175819 -7.44073221520508 2.47705038341877 3.15542755028696 0.433448267768646 2.88195222758086
-2.83414491568574 -2.72332792340018 -3.68956557429265 -4.30207686887294 -0.323581529712877 -0.568430030861499 -0.868738569976006 -1.03488606994405 -2.05266465682732 8.59767284352035
3.28667130985897 -0.218919815516227 4.84570006955423 2.67517603396356 -8.48721549575602 0.84628677008185 5.10067730810171 -2.43864433161874 0.354278202374413 -0.116018586761727
6.14160292487028 1.92086481335114 0.681410122395449 0.388000714848721 -8.32942758211676 1.36201784427506 1.30656916867085 1.84193189626197 -1.5617090353497 7.349511796894
4.45263320017421 1.42041104325828 -3.8503871454723 0.344744991880844 -6.530122784135 2.69216235593486 -0.0678002485666727 -0.913395342068952 1.31440027330494 -4.22897212465866
2.3629963152846 -0.816254978012434 -1.27462713514738 -0.540094155839951 -1.24944517060489 1.83651754149148 3.70478491882881 2.29355382804747 -1.48996163820546 12.5591395967549
-8.79406609299443 1.22990634510775 0.573440168449038 -6.42724416557169 2.57637709558962 -10.7925964242976 -1.92358000743911 1.35445223596774 4.08031650000043 7.64877140020899
4.62690806343235 -0.472282304090521 -4.80400940415333 1.25798428074445 -6.50833066531094 0.827832497995569 2.78585141220974 -1.47712311663042 -1.9672795007914 -4.26153688154423
0.151483321066569 -4.15082602030217 -10.0917266335564 2.38348181108267 -2.22306860238735 -3.68920446846491 -7.09829157127889 -4.57512479834029 -0.91621167979506 -4.01408715442189
-1.58618639200308 0.380128362538085 -1.38014192364342 -0.0419587039588216 10.7691984635118 2.62355218678208 0.397493486052394 -5.15603891526681 -2.60647165567516 2.97538051511299
-2.55734385798759 3.11483280803051 2.22662872285791 1.18268827282556 -12.8568786468639 3.88256397737173 -1.47172052334842 3.76092376994198 0.976186507328527 10.9877380720998
0.293196765504004 3.49634216137456 6.4914851265196 -2.43292219287152 2.38442683253986 -1.60574018780592 4.59967832972448 3.18423195202945 2.69220816879363 -1.91989234757707
-1.96849564308309 2.10806256135653 1.14733659501771 -4.19971450460925 3.41625681182912 -2.12704468963884 -1.83178428183461 -4.71530861370307 1.29172387008075 -9.48822669850409
9.13222508611753 -4.01376459100996 -3.01772819907769 -1.35318894935252 -1.45969199359143 -6.70637828131281 2.62701979357677 1.81930524285623 3.11488568996613 -4.56051143026761
5.20648325734367 1.68584362908737 1.33204058761895 0.0294790235914768 -9.36776176309707 1.09583599031425 2.21151883540413 -1.67128218114168 -1.04323224678019 0.0706765554480968
2.42050753278719 0.620123540727894 -2.71860742195829 -0.405036739327418 -7.66303127953922 -8.61208541900521 -2.14997314836324 2.44296689797083 -2.66895665262725 3.55604756070003
4.89976286498831 1.36075549600118 1.20221386060359 3.25059066731136 -4.13980911006048 0.393080850040961 -0.393914273704297 3.56038225633768 -1.22062224123652 2.55418411556632
1.08681055479275 -0.226321719218001 1.62339649898575 -0.0845169239583334 1.64501485462389 4.27490022500164 6.9514632682152 2.402835342447 2.22338727557283 0.707387807758812
4.09007670475148 -0.900380480680078 -2.1123181758665 2.42582879282339 -11.1184438765816 2.5854290707671 0.750195678077067 0.189230189969688 -2.80841178222837 0.0464987019738987
1.83245836028138 0.171228005699291 2.92218908429745 0.985370154541699 -1.59809781084254 0.0159965409650047 3.27102993237823 -2.69369844416455 0.442444709917941 -5.78708494116671
4.8209137875389 -2.29725473258665 -0.744949223131116 1.19049144565879 -0.246343442909513 -1.1059208019985 1.73823422240834 1.44128827891929 0.576863666923443 -0.380191681231085
7.32516544527087 0.418366220642247 1.02854884041383 2.92539595582618 -5.93658348868084 -1.42805133341342 0.449498533181731 -1.21279539956612 1.12052757955143 3.34945499741559
1.61982661300304 3.02936888377722 7.23502257473198 4.27247624551869 4.33628865319973 0.26398317128703 1.73505529511427 -0.413478211047783 4.27943800646439 -1.59648423608702
4.8086847779162 2.7688835410026 1.73526221031527 0.778282956807577 2.931356003234 2.62572062553153 0.873476038857645 -5.19568504488023 -0.941194086665487 3.96562010457296
3.84962242653716 -0.788300754018766 -0.0827149727542902 -2.59874146820138 -7.74764005022233 1.5355919800828 2.11122794260024 2.55238887742179 1.02083224991737 7.67228424471541
2.96204059739625 1.27814786539876 0.436481915318363 1.6781536876687 -7.48280660409461 0.811454729172161 4.65383485185524 1.56333597791455 0.300593821841062 4.59797727826923
5.18954401428876 -1.5453005767017 2.83865833156652 1.27202334575774 -7.05100202778352 2.38205461214396 1.15794421973267 0.564506043155995 -2.09077670425105 2.24691834634307
5.48950554196718 -3.29595743254576 5.07177765802575 2.38520281240258 3.96427852471108 1.56651188762675 4.46017750039229 2.84275032947186 3.46091393211426 7.29939702190462
-6.94845546935845 0.372352680643787 -3.2722164477667 -0.20454067526199 1.90877719300787 -0.163380377931787 -8.06164462279954 0.774815863162289 -2.34548088658064 10.8659065977572
-1.2397386136124 0.535580029000365 0.520691007037658 1.06953417218163 0.64730658479699 -0.536410311748531 1.67705132972858 3.69722059776581 -2.66407147669553 5.93282793895198
2.50573684927633 1.43238707212579 1.0529669193694 2.21365375096004 -1.52950176975342 -6.95172280706095 2.233228793626 0.828769287563699 1.50683930970029 0.446096961051441
-2.97879444545735 0.148166884794951 -0.967303445196417 0.0704975116285467 -0.0553029368607971 0.0526951578281443 -7.37994955575045 2.30229799253155 -1.46673401850806 4.13890655103207
2.58629634944656 -0.243075595063204 3.11612171644711 1.10211469975353 1.63970615260558 2.96473964301847 2.18267838030893 3.29666135492119 0.188177966513397 -0.900023180757858
-0.884821719135606 -4.49346654430276 -1.40957777109852 1.83144546098676 -5.79810717754367 -0.457484484287602 -2.28266941338315 -2.26508894662316 3.73437863755791 9.02285586843717
-12.4638691273895 -0.620370346359714 -8.03156555569139 4.50969359150008 -3.50535176354843 1.6672095483128 -7.59317597220265 2.43611457880273 -4.54092986951609 -0.0661039605928369
4.33048026507887 2.96176317821731 -1.75590123320552 0.720872268954901 -11.4390300715546 0.542701756312837 2.49189782322117 -0.373200989474056 -0.190004881384232 -2.07445842153555
0.499886504137721 -4.33463692820161 0.865555470464188 -0.680970246232675 0.204639555683619 6.19364332683831 -3.95065644893893 5.57742716656668 -4.97794094575722 2.22590111406934
2.65275568069123 2.44658035997608 4.30234226783641 -0.563756503349678 -2.58062564061851 -11.3930340689427 1.14481894695523 -2.31629652345338 -0.503049669871651 4.65715947245753
3.94842098186352 0.581425697863622 3.64511683445899 1.65926618177846 3.40302602030325 2.5804383584214 6.03208149345152 1.08630775892088 1.56170796284484 -2.15867440481017
6.08558154534216 2.06959341412693 1.56192940755502 1.0205452792073 0.60805874814414 -6.08901093767118 4.43909730942849 -1.58032636257271 3.58831149622556 9.00626492955322
5.78368145781898 0.599708012403452 4.78950037873532 0.0967486171968546 -8.31338055562972 -0.66213560299535 -3.62054330506759 4.12009194798369 0.911205672903617 3.10728065823261
-0.331049633328922 0.40909507018157 3.19350414205309 3.26208084245887 9.66620316767036 4.57110250681753 2.47776830166085 1.21940655827373 -1.50875835173412 6.31595742715365
1.27446876828117 3.31786708340444 1.05219906880359 0.352727051020781 -8.13040439636612 4.17296808140173 -1.54851077354408 1.96182812840677 5.45748115321997 7.07007946175498
3.56648880428349 3.51114588566881 2.11417068727297 3.51530846560177 -2.47520787142851 5.9884357684335 6.38221869333275 3.47676463800002 1.89004209243406 -4.63996965233598
4.73079671120571 -0.593363143748948 3.35616703270496 0.715938542149421 -2.01242067404861 0.880127653548473 -0.0458112384335407 -1.53639832299001 0.0990920896723461 8.01280350574237
-4.41705350067589 1.32430928204332 0.387959641485427 -1.32579194885715 -4.73033732181895 -2.44344534384219 -4.96773520608801 1.94777810834338 -2.34041802251271 2.52462814149694
-0.535530066155292 0.834333425409436 -5.54138748703335 -0.335671528426575 2.01741957006532 1.79162149642329 -2.40826742444365 1.62745931582908 1.60187513067112 6.80655710328201
4.45029230840134 3.29676270398841 -0.712896007243284 3.24628250644951 -2.84428569325351 -10.0645207542511 0.64942723818715 1.78299661785876 -4.37885577339557 6.60755821719971
-5.08471171284993 -1.85638012028578 -4.73079382047155 -3.13726035411181 -5.88631335859503 -0.0582811075257119 -2.63277889750786 -3.83194145945246 2.81831929271322 5.01318401817749
3.61635029730216 0.358196336507666 0.570512728738208 -0.0201488722046623 -5.84077223347097 1.21244322376534 4.35211365706103 -1.82480872321117 -1.49325081626566 4.23086043375766
1.42104348622596 -1.43455361148642 3.12019446218524 0.639995832986068 0.894945653213525 4.92002836707906 5.81701985461916 3.92063725115556 6.58208926999996 2.43291221433268
4.22903372808574 6.58476965233671 1.7761052197321 1.64415160019957 -3.71546955115457 3.06723614168262 3.73811324037553 2.84247986639236 1.65000231568343 7.84178002412035
-5.7675532060583 2.93689784941646 3.64169213607862 3.70576418173033 -0.343155574135041 2.4263996604178 -1.78404446452026 -3.58021616459819 1.99435430843879 4.91540063626805
0.420581264867978 -2.60312942774874 1.01179269462788 -0.422856542635048 -0.929032292507958 -7.12650154938908 -6.72324236160017 -5.48510638532512 -0.816739505541984 -1.06474426366908
-0.833911825364641 0.958945178244056 1.60920192753424 -3.23209330457552 -1.04890943452497 2.86252867610265 3.30939679764285 2.00307774164936 4.69871780703428 3.80148754306467
-2.53585121451972 -5.52698960055763 -0.500863121680023 6.09996472717067 -2.90760082934506 -7.7537088072408 -0.52193333911343 -6.55816685522575 -1.25864629939856 5.58590689793905
-3.86803366298551 -3.4861766996761 -0.298418038279487 4.44154618417198 -1.65547610435196 1.44492750539444 -4.69864617139233 -3.00654013465745 -5.01253851294777 2.0876171822574
7.94212315126252 1.30334345082448 -2.65908207536061 -0.0628677389794093 -7.8728461117442 -0.527452087932956 1.24876506181101 -1.75000008551922 0.690191409958898 1.795344753245
0.460042059880753 1.63918389806281 0.762992139428237 -0.686051379847346 3.92833873775518 0.935789351262893 2.7680246841107 -1.07667142800671 -1.61412048985341 -2.30778415415926
-0.285060385500573 -0.139252103816706 2.89644480433408 -0.520123942032929 -8.39372090329747 0.964114660537841 4.64687138624057 1.04840855061997 4.337496433478 -1.52012020846923
-10.3733301234333 -0.00421347944340245 -6.18498945959147 4.50994082904735 -8.81063631170318 -5.39383923779345 -6.34072610472655 -0.145418362873699 -4.80801930862714 5.74596072278605
7.53055293299324 -2.21505321528891 -1.37790108377795 3.24392841829804 -10.3743995283819 1.42394717578933 3.45027495852949 0.543636799740796 -3.95124268178896 4.50862010343117
3.45982865395699 1.19464323949718 1.48212455949195 2.14929889946857 -2.91722747222336 3.86179546449153 5.9542183525662 0.054917121854087 3.29738289240556 8.94070458452025
1.71529483409206 -1.77346574460899 1.58607606400828 -1.23750094272422 6.0098540004671 -0.0809857247988364 -5.57442724017745 -5.38115185396651 -9.17551836787671 6.90797982627685
-3.99890577115392 -3.08921016262328 -5.87181639219614 4.30162060568373 1.85341032486326 0.35699586105173 -1.68322605775087 -2.86450059420347 2.1064118591249 6.15012547029978
0.556184947221801 2.86680104460042 1.22760518736683 -1.15093653152949 3.72897070049174 0.0371318893824339 2.53176007969309 -0.656501792747437 -2.22197266134124 1.69432585624488
4.74267235078489 3.87285011074194 0.212020856810402 -3.48282508417329 -5.10587956675649 3.27183247589403 0.186883427230426 -0.797619656671177 1.79839726327668 2.34915183574398
-1.25782744093302 0.666068365453785 0.354059486125376 0.0496889845560602 -5.49230231026779 0.930135029380263 5.4412519359658 0.569581849084301 0.48165045919494 3.52296414844891
0.106676240255613 -0.723838139278158 2.07259915265517 0.434630809039538 3.88412465857644 -2.62786246521088 3.23583114605729 3.26417819990792 3.28753121394262 -1.70957490890601
1.40943766657261 -1.39060413557924 6.898153964415 -0.568376179204828 -4.81946002916723 -7.13698050701027 2.26697148137121 -2.47466232271231 1.75362417303298 -3.87935593570804
-1.23480315149137 -0.450724595365193 4.39784033847729 -0.23205241423614 5.9279142356382 5.5842959421324 -0.133943188285784 -1.47504997664758 -1.31557350404669 9.03994236295825
5.19724104289065 -1.80826641494333 3.42542018977419 -0.121772559946535 -9.41442795381568 1.34895480431662 -1.9934175050727 -1.41151932076771 -5.72918542248463 3.82088086106918
2.47640823009909 -1.21959623490321 3.8639873722217 -0.838055021318445 -2.22763027596713 1.82659467810654 5.54145070732311 -0.664052454746981 0.00676609904699621 -3.86246974296706
0.234819518549715 -1.85271655788794 3.62247412602533 0.0740089195583397 -9.81498592357622 0.855731373435371 2.34251952066114 -1.97116708697374 -2.19234111661458 5.96096140861352
5.25196344841283 -1.56512597113843 0.0917382292187967 0.449357002650605 -6.53636198612513 0.429794593956283 3.38073336415247 0.672187190206651 -0.476024365872545 7.66481835971935
0.888052805860208 2.2314216758311 3.51814328668974 0.305736829685735 5.82162345379383 2.02051015382587 4.39908251997111 -1.72496292962998 4.43759483978846 3.10024828219708
4.32394753007267 -0.18902850841611 0.769852113286728 -0.200871509909859 -0.473938891923906 -6.72465040229754 0.844645707546927 0.989497908313723 -1.810120036172 7.37451072524223
5.89249241987168 2.20249902236235 0.0144278438907754 -1.43742277302845 -2.85180298041961 -7.05782210490039 2.31638569131922 -0.343703386218352 0.671498578466129 7.47432792805755
-4.53386224904674 2.43280733272289 1.08201084601081 4.34660539541558 -0.861320006957319 -7.08055757008144 -3.72101059155016 -4.52176760378613 -3.35246823772128 -6.77290668030669
-7.16669660123313 1.00933524535111 1.38450151536433 2.01448495690065 -8.68932023559656 -7.2427143932346 0.897077215989198 -0.389992944324964 -1.58858658707359 3.34440917489735
-4.0290091868431 3.77318467175064 -4.35460132595308 -5.29524209437075 -1.66410424816599 -0.311729679199189 -5.07104837371875 0.393965411684043 -3.59242543584206 -3.50734851126193
4.17069122132257 -0.598239900599635 0.453881472852544 -0.67751343838616 0.411196511846391 -7.00006849989935 -0.478070088930928 -0.975513595065645 -1.19211136178519 -0.170051560323957
1.09477942699131 1.09808857769339 -2.16789359569046 1.47189052477188 -7.79108968846654 2.43357843741742 -1.11971242420603 2.45349964029291 5.72533726485304 2.68618278507055
3.13582156505848 2.36938778925721 -4.28002030265938 2.29684262665205 -7.49341793934771 1.38002851550215 2.68091726784552 -2.28374164605452 1.03553038132409 6.96334659526578
5.64988765579042 0.735193506734313 0.37548376814629 1.67085148316556 -8.04291997695484 1.89210348270543 3.24759200644245 0.487922369532355 -2.72903958233245 -4.25598725993804
5.78662778450334 0.628016005642527 1.37086972620323 0.773841518875673 -6.8945388964231 0.510517215613965 3.8513659711424 1.04692844764192 -3.17918048983905 1.75855793284004
5.98397831919142 -0.69353001726571 5.02173141585479 -0.284909028276111 -1.02009470231609 -5.30399535694235 2.46567396756802 2.01851180321296 -0.321580421544004 5.31964635119082
1.80848976970651 -0.152097109886137 0.20022984365453 -0.0569377667775548 -0.138058653805075 1.07621362802647 1.18445092200618 1.09922921481874 -1.8115423456994 -4.61672703655997
4.77501570638192 2.42550930703546 -3.59752507310893 0.654936206315514 -9.1880286707524 1.50960061851491 -2.54472805843384 1.94671401137351 0.450272889435959 -0.813744223139347
3.7756818877333 2.28829001872741 1.28154789170232 1.76402901036615 -0.827898208735252 3.22928912685316 2.34440250790901 6.53648429564156 3.6754002851609 10.5769999914418
-1.82966047005473 2.77316136315909 8.1216231014815 3.24295627046035 2.93774161239585 0.378691647587465 2.12628768873012 2.68639832438792 1.65379669009244 7.92490736468993
7.95243745976775 0.103891604054737 2.12609222740216 0.908295919680275 -11.959489857716 1.21812889450837 0.256645077173795 -1.80811096567341 0.547673747532214 7.02845352138015
-6.4299522134311 0.384107661147414 -2.03176164436338 3.77930487467888 1.08223323120767 -3.34839017697123 -0.993992526820475 -1.6027811549196 -5.50428493986828 -2.3265386712625
-5.44170629008632 -0.0750360563559377 -6.29569712120645 0.575420533373199 -6.04131477493048 -5.69913039775659 -6.29163541386288 -2.72295225105344 3.59637758192306 0.610024714714507
1.49054093723379 1.37135241782787 4.48709252730574 -0.261295679930756 2.2775011804766 -0.487241541437001 6.14390458814633 -0.299454841824849 5.39429846910157 5.91591116467165
4.32658181505445 0.145627037596069 4.30962114911493 -1.53447405034986 -1.96532412826072 -8.20179586518192 -0.701475219417182 -4.24964151558623 2.68366497925664 9.8923049820115
4.38996268777687 2.07745217958301 0.583301917289965 1.8494394314505 -7.65943467928294 -0.339287354480358 3.91583222777579 -0.979173246306379 1.29716714106288 -1.46828796711568
-5.68116263650647 -1.83262925372278 -1.01673836504869 1.05697537470115 -7.39275294318199 -4.32428145449577 -3.65982801910743 -3.81281658455074 4.48928461133578 3.67535032919031
6.03156587979752 -0.867044525993337 5.98994401585859 -0.774148663891 -1.29146244395893 -7.66446439900684 1.45023805554708 3.09082289227546 0.209019581437315 0.107866575208197
4.81162447785202 0.846128929870974 -1.40494190220105 3.49001582523365 -7.40940551321091 -1.38690185721996 3.74167967281325 0.344242258658909 -3.20605601192539 -0.808280875377567
10.1742184405685 -0.0944109097660403 5.88944498356857 -1.18779482383074 -6.48093464926382 1.50995238403 1.03056166595527 -2.42369757283115 -0.500044720771679 -0.278789963380525
-4.62469697418455 1.92580910115844 -4.55814195720632 -1.26132745609278 -2.46647271764016 3.32276623859602 -3.22168377046296 2.89436664436492 1.94498992795928 1.54584204678689
4.01192727439229 -1.62652179650179 5.32282804698196 0.47535550692514 -7.8289033164905 0.468703880807513 2.20532377222317 1.43582637208433 0.0524447413820584 2.96286182099515
2.87622040763532 -0.770718108896311 6.71513024629335 1.48767791463063 1.11060736956029 -0.393166287375048 3.12984068068474 0.44289474794169 -0.906803710095884 -0.352599887277592
4.54054099406399 -0.781890690825185 1.82885337641025 2.5567091572551 -1.17743802284799 -13.6661252619261 2.19080057668772 -1.27396195256361 2.50330170629964 1.27541144898225
2.67821117553582 1.39806575349876 2.32081728979128 -0.860702039284077 -11.9562659768642 -0.698839785279669 3.70534838715951 1.15429536556729 0.878777700607297 -1.71374798970273
2.57546115425161 3.69129380590096 -1.12557576587604 0.460737815832777 -8.79801793148638 3.30452915436996 0.928264824260394 0.534392069797984 1.10206650225331 2.8110140030303
5.16342165619465 1.29442015271221 6.33975917590756 2.17369576059875 -10.0671323540891 -1.17174662693978 0.43921464393653 -1.39856501027463 -2.921731129651 3.09267877491647
2.87104203445836 -1.56306722924213 0.696505795839552 -1.30760109965426 -5.51829718472054 -6.04362904373471 -5.25706370750059 2.77215294295471 1.51758396587369 1.3805492443028
-1.94700374018274 2.12329502741996 -3.88774527283087 -1.76805482575908 -0.31541503289221 -5.8591812853664 -7.2568780844576 -1.69493632574896 -8.45276654886754 9.55559618246381
-0.21594094571487 2.3709448377513 -3.81059649368086 -6.47218986425059 0.354002864462581 -8.13382606676506 0.771114816980429 1.55447000513222 -1.60671729177271 -1.73415516931541
3.26415039497503 -0.12181619803858 7.44193541257101 0.0720262710369336 -4.31930067591486 -2.97763862983291 4.42658119051706 -2.01799658153676 -1.86195672914429 10.4863564322475
4.82569580328961 -1.88517042170505 0.0487145799666038 1.92910668443131 -6.57305693470696 -2.68675456015024 4.69478062273628 0.542975556124757 2.76034461881389 4.1143329445878
-0.0204805175080682 1.65958951003293 4.6651326422306 1.50122481757386 -0.424024959827296 4.48496762349264 0.874864348059856 -4.28588099004508 5.03749369465695 -1.55609000086681
5.33730254076943 -0.494453034759885 -2.23733440279193 1.9111531494106 -7.67134548741037 3.39208572740245 -2.14266881953234 0.0451242372652402 -1.15579605903189 2.9416836097901
-5.17500051927977 1.66793307377935 0.863566486144642 0.974021844599201 0.718757754319594 2.74010476850659 -1.45552140859401 8.35431859932905 -4.03202412002969 -1.53634601675053
4.08676295039822 1.54825947705492 -0.27832378842469 1.15141013565559 -2.42402935708509 -4.19590385436554 1.47670686993161 -0.357342669405238 -4.93603242998024 4.048314730638
4.62987377182936 -1.36820761008792 5.24424121731272 2.13836757167516 5.3059941576314 -1.37569157018001 2.33158033166365 0.545854874034952 0.113960033459584 3.02122944237316
4.13349524439956 1.66996895359276 5.22454112497492 -0.380664769692401 2.65553193629864 -0.624800395627771 3.88240076743754 0.506371816541334 -2.49725667755612 3.74178003622262
-1.23381718647867 2.21152915116267 2.23909271027853 2.58302074477063 0.172600772999169 1.2623164426857 3.17913941358218 0.45628798777216 4.72304977731006 7.11410283434349
2.15102257838162 1.48111417911641 1.60469114394472 1.91545826214147 6.22587249573078 0.948621153439105 1.78213494087763 -3.76288695467058 3.11933705072821 15.3813679919182
1.48575478712845 0.322839336451962 3.10064412598856 1.82768382928774 -1.79306363753448 1.65567559683841 2.40304687394532 2.20143754805595 2.2651601235412 5.81222339645494
-6.28798103878475 -1.00683495783108 -5.37292993153357 0.940718642701264 -10.072049883254 -10.4314184898882 -4.06929249527182 -1.91381779795082 -7.37388670647203 -1.62121345397427
5.08446171226833 -1.17603315486339 6.27752109688187 0.989633057661545 -1.66072321952163 -0.733765016028079 0.353679694839317 -1.15223055743534 -2.24293389090822 2.60415495635092
0.571967703441256 1.22356593449052 -8.13809071507952 2.03100604099214 -2.12656805903136 5.91928246136336 -5.3967357788364 3.65151045009731 8.67533440568967 -2.60107908099247
5.67643643991449 -2.16922057171299 -0.913156332884517 2.43719066933225 -9.01544991140081 -0.412135482013835 3.37520909010818 0.417252778513142 -0.395351491758491 2.90947514730462
3.21038548814864 0.327230022377694 4.27641245093219 1.87779339898631 -4.37356044401287 -6.79747372325733 0.411657534016809 -2.2941974134897 1.35343350875604 5.52818762846682
-3.38543140796834 -1.74372433279578 -1.52222249394345 2.80177607944325 -1.36871389467755 -3.43919612671981 -6.66015275804286 -5.11680743730757 -1.30148753172321 3.67945797396661
3.05354165246467 -0.334455856346416 1.51165853839795 1.09130463135439 -3.22089562528713 -9.16816003694835 0.679877641280131 -0.471559206023168 0.377032675969311 3.86004154001031
3.25056910886175 1.07366299984684 4.81657178909273 -1.06402515723747 -8.31811955094121 1.08653987737315 2.95336068145433 0.288579480015412 -1.20213438925702 4.56006602851783
2.51383728269116 -1.71739064359069 0.934270881786984 1.18695545578621 0.193821983322666 -8.92339450050836 0.323706596865651 1.15786878923442 0.716514363403176 -0.98075309019903
-1.90397418847467 1.35612048398399 5.18350220929527 1.33962014015874 3.77792586018081 0.0802764025344995 6.58910930205361 0.809072547117595 -5.04941710063353 8.76302214845582
-4.55102776198444 -2.80634543795032 -0.251459091922001 1.32584606399254 1.22552724907623 -0.569465803983268 -0.622960190334632 0.346560069560755 -3.84441373410323 -1.88590647096878
4.7272126204404 1.18155560694319 5.38673813899904 0.153229836525907 -0.148144130216288 -2.95038560918365 3.31106672659092 -2.57886357667837 4.18357693810748 1.25587778199679
4.73144077511159 -3.82767815676518 0.259010748421875 0.796049778963479 -4.83039333171091 0.312434468857926 5.47460517044852 -0.179685924848739 -2.81656216381865 4.89702361768669
0.421423040785085 -0.316812437877193 4.17002663852365 1.98121930580277 -6.35238841049044 1.01654309606912 3.31450945704287 0.645777488000836 0.0513044034623132 1.59696171037096
3.60219588712997 1.98261037522425 2.0150754474481 2.72488483689259 -2.34120789703337 0.949379269832967 4.86820585679095 -2.09059770742383 0.956437495840971 8.40813615529679
5.72906741066957 -0.655484840731184 -2.25185205475028 1.93963620473049 -9.81369680254852 2.66944055988529 1.56885973286958 2.17812932277674 -4.27188548454293 -11.1762335458412
2.53957773392654 -2.12043299737024 1.6283433059432 -3.16632171113143 4.49051319426215 3.20691345541949 3.98681576913244 -4.70638466748008 -3.98592754979288 -0.0757019485338208
2.95413533650425 3.06246114878194 8.43186088560521 0.0877507834741248 -10.1537936010028 1.02157673289375 0.174693771268814 3.11955423187548 0.169037383240192 -2.33098183825898
-2.10471570400233 2.04471903292686 -1.29729265451928 -4.51988324960623 -0.808519985789396 -6.835913824226 0.0398089632877316 1.22466905540286 1.01840173176667 7.79596472498968
1.36325634285245 -4.17086751577094 -10.6697983605073 -4.29164090783465 -0.777621685593917 7.43489047240505 3.97856538892866 0.487623413779482 2.38237955596662 -2.97508207285426
-4.80649512266056 -0.0665545014237822 -0.131228812107777 4.65003339189405 -4.89570575827295 -2.92368651008438 -9.73359954093587 2.16948421574654 -4.07350459985481 4.42183745637568
5.29624750068883 -1.59432167478943 0.317528392135883 2.5294909908798 -3.15646521982402 -6.6218443273752 2.00229965421112 -0.822105650543804 -0.636724395247997 5.53842192737955
2.56240282040769 -0.827824976714598 -1.70799492844689 2.23273706413781 -8.76332962524844 1.16514677428608 -2.98221724827743 2.19658308055628 -1.43566534895482 3.05838582729648
-0.0606398540872513 -5.70723926081972 -2.20834823240842 -1.8398559187767 -0.743392839395589 -3.68749837620302 -1.09950781123967 1.98005718020163 0.717428690446342 3.92857820164006
5.9120859375042 0.762615527311434 5.09523894544025 2.51728974629313 -8.61988527419825 1.95118933362669 -1.43543652444359 0.587090884961837 -2.63971415134721 -2.64521941881751
2.9565336446957 0.397521629215416 5.0561270200139 1.4694401679466 0.165777221879272 -10.5144985130159 0.443469210975146 2.22410642822746 -3.37155729465532 3.96159152665806
3.94029732310435 0.0238087585729672 4.41560618232073 1.87584141712175 -9.22631013269008 0.89990292869232 -1.2384078209332 -1.19724263505103 3.08192171964999 8.44023592635296
-3.50579750373054 2.4245477052598 -4.32507585485172 -1.85756936633735 -2.8322171743072 -4.1840679765154 -3.88332014989972 0.176955032952443 9.6199471628641 9.16228184391872
-10.084426247986 -4.24955141300184 0.533748431602438 5.61980739727238 -2.88988291621611 -1.18701196984236 -6.4702807578366 -2.57109461606641 2.44688335488282 -1.54634940062943
6.30440228787412 -0.340085577011988 1.22592403000832 1.39718870185946 -5.44798998631234 0.473615091115587 -2.40975071490977 -3.03567249735185 -4.12773337084949 0.296692263262953
7.75012946708567 -0.527024090862161 2.16608525625023 0.722262485126051 -4.9958673041543 1.60295014151943 -0.835860159020012 -0.144083683910975 -0.633710945195846 4.88164185927332
-1.11999449218666 -3.23251570946673 -0.447224095007269 -0.683634209431761 -0.945347816644086 -2.23437987808794 -0.235499447039714 -2.50552092783915 4.2707753573744 0.904414402892495
5.53322479510139 0.453745491347135 -3.66477683757584 1.68545407009203 -9.75581953240219 2.10578949012462 1.42127954603374 0.716809391907532 -0.0277065458295338 -9.48862869944906
4.5182509109697 -3.11583336293066 7.75848915842515 1.63111507764427 0.244619249843078 3.17901259669533 4.4655695017511 0.411452883926891 2.64130944004886 9.92953385402989
-9.04818023128808 2.1327367965854 -2.31394871313804 -5.28914554741294 -4.5807465194273 -0.791856221812099 -4.562250349612 0.524589181880178 6.95004262441751 1.62100042028297
1.62110489167574 -1.23764019051693 -1.55308737952485 0.00218077481984658 5.58946574040624 -1.53566809057188 2.47545501541499 -1.1137309222054 0.168436059252923 14.9988392625672
9.7168232930423 -2.25368176519892 1.93674309879962 -0.318279237535962 -13.6919633635445 -2.60787536278665 3.09920720193123 -0.264253571680112 -1.13188384044076 1.14062507019809
3.09230857603691 2.27694508173231 3.39835769481292 0.715090439941268 -8.54847574390209 1.1883050701469 2.52127820457908 1.14309661782189 1.2803210247044 -3.39068540446192
0.690450317625834 1.9631067892246 2.49321681938104 0.726097386167004 -9.69853862184095 1.05757814862451 4.1406287266048 -0.600330160908208 -0.492879823626231 -3.65721575057379
1.17169339612604 2.72948409282728 -1.03452691868709 3.31531924994064 -4.15615620183415 4.26961014957973 0.464196796736285 0.690080532365112 1.55801674086176 7.84795477867498
4.05787605358815 -1.75853260863696 -0.749504264867932 1.56519380113018 -6.63579830819021 1.03724978933424 -4.18263029154281 -6.87163547569036 -6.30392462060002 -2.80355183882949
6.27272304482363 -0.941824970846308 7.94077079453044 -1.37288274144053 -12.3374085744616 -1.10490914516692 1.4322007764611 -0.932960334869274 -0.936906401604701 -0.172824885744772
5.21785636494287 -0.837433523712757 -1.26015876930279 -1.0749166317219 -2.46408533098726 -1.43306833153393 2.91132808022347 -2.63903778026507 -1.23649781389902 0.102516972984926
1.74490099714827 -0.660673214661442 -0.110439274386974 -3.33309613831589 -10.7941561711623 0.529829605701987 2.92760590091656 -0.479068441890011 2.87967956949371 4.20276740698878
-1.4700186760146 -2.82818286544846 -2.03948888966726 2.60219151988121 -7.29304052301832 -3.56138908791883 0.0687332772551499 -1.07691551445196 1.80044944893173 -4.95847077613602
5.10669950478912 1.39475271050283 2.80946268087043 1.52859467370208 -2.13906128440454 -9.8401987397091 3.05448708381226 0.581955354360395 -0.560364577632244 7.22163116612174
-5.6105777870678 -2.56252335824411 3.81924310229843 4.04120291332488 -7.81545950881755 15.7101122528897 -11.3711496344447 -1.8306895139273 -0.369264722316046 -3.07956927805226
11.0923401918342 -1.93811149015013 3.97007290608934 -7.10205246947022 -15.2844199516444 12.8994073664461 -9.26368299736145 -1.65996445364486 -8.93438230293253 17.9627444392859
