x1 x2 x3 x4 x5 x6 x7 x8 x9 x10
4.41079732402602 0.749818416945737 0.852841055926896 4.29387388207961 4.01011414480356 3.48836404666593 -1.47959022804061 2.02942088273334 2.24498619724426 -0.0542932512917733
-0.745756638041074 1.55867305560127 8.29591058232691 0.469528839132887 -3.17860871932964 1.59460269435469 -0.503061095597779 -1.38624228191722 3.84818482151961 2.78690871962348
-2.35589126756669 -0.913620149278229 0.722393942670483 0.201587579507148 -7.07749512133048 -3.90815299914981 -1.16446264425834 -0.876422154075275 -2.12571355618823 -1.56739163152963
-0.811800477882429 0.867265743749752 -2.65888262666794 7.20321992894788 -4.39414409926101 3.22235825492141 -1.44636700215249 1.49660995170352 -0.810324284150126 -0.0467645235346044
2.76044791277534 -1.82397431626606 7.34924964915376 -0.82759023108704 3.77724329633507 2.14776899138693 -0.244196874026604 -3.70062953442969 -8.22900155002091 4.9721539991973
-0.726579890639244 0.411678616518186 3.17646265489753 1.27024518363175 -0.576132118127835 -0.953004151108175 -0.453166296620978 -9.89334593155096 1.73607638390828 -1.67425354419693
1.69849786411352 -0.902392813557229 3.12906867413015 4.4168139605765 1.51427581789089 -1.92614083348456 -1.84699807482815 -8.56376844207744 1.17609731421493 1.3848920337228
-7.96060598977946 0.00120861753965928 -3.04265551955228 -1.5663240246216 -3.00232206925931 -0.62205514012205 0.466234398770454 -0.259647112051893 0.706339395534219 -0.843522347537143
3.14369832276526 -1.17296589532699 8.42095182304703 1.91385916964702 0.753043693506066 -2.29917063328259 0.0376184191265433 0.706538196870252 -6.10021276823141 2.52052800721802
1.1661543301911 -0.494901007815057 2.16391950408237 0.943996529897358 2.34815787467947 -0.093884149811005 0.240864196448592 -6.70542976307049 -2.12814665165525 -2.831722962091
-1.54493851931243 6.50346198250516 3.63393557664896 -1.2794060732103 -7.68510489285126 1.02363960739884 0.874723021455493 -0.784380064152926 -3.02523561139233 4.93509929173022
-3.14949665806362 -0.72327354892009 -2.31580195182378 -0.539296205255536 -1.00853943309316 -1.98539852497263 -2.2076075072729 -0.198165866587324 -6.28399527446922 0.929167653148756
1.88643308965126 1.23420247922151 9.89462539688638 -1.08782294330019 -1.7150543842062 1.24922583901356 -4.78419866019211 1.02540653936082 -1.52255795057103 4.60656887269873
-0.665174771059158 1.42061672931407 -2.13481562513903 2.48441492717974 0.217768191104555 -2.22427614345863 2.76646670005705 1.15577052114283 0.724589505590195 1.76086354665833
-2.92576674980944 -1.14150992535122 3.44238073659538 4.22185813165823 3.32831063619728 -2.95152072078137 -0.0152486058647903 -11.4993393518194 1.4512521503238 0.177683612787222
2.60880113475343 -1.83240202621228 7.87572805744832 -8.91389421244881 0.399250050675867 1.86277275224773 0.813385316607301 -4.80230565796035 -6.82702707295406 4.46574212771703
0.954986011659334 4.70386702519118 5.82027660200619 2.07114374811074 -2.8673291244653 0.518798974462127 -1.97386801997208 0.135247995517934 1.78111296357103 -3.44680168926916
-2.31652272466983 -0.510902164663672 9.47059096709775 8.19174712406469 -5.77562238612129 -0.394080925315015 -4.91137979902417 -2.70670487354969 1.10390414957145 1.55139815279914
3.06075797843373 1.93431309197058 -2.11592809689489 3.89739225931045 0.0913578714805584 1.4338688938233 1.25745470304525 -6.26373128132803 2.00474116255936 0.485135763658393
-0.81887303923237 2.18163030872762 1.35665875622213 -3.15478127840467 3.52994929686669 -0.492450118276546 -1.26744136743788 -7.20181127540127 1.85415310200768 1.98164263644888
-1.28720511443932 -2.27703210742616 0.749349050986889 4.55438168678291 -3.59280755595661 -2.31150483259192 -0.549343970863857 -2.72641264501588 -1.95836379522099 -0.681587156557323
-4.28833276283478 -1.9276210757031 2.03417874809293 11.3186733407208 3.895735954018 2.06932175791891 -2.14361796352865 -1.38856111138201 -1.1640998107135 0.00261271387346262
2.15366984299699 -0.0137789458499091 0.394149029844186 -3.82464982816009 1.60785812295267 -0.602119687151664 -3.4773131020117 1.82799912412277 2.10244821066344 0.986064985360592
-4.56315242794046 -1.90582986177062 -5.47227488255699 1.26889920142513 -3.27401835196114 -2.02136150324705 1.2204121398762 -3.89115537301331 -1.10855450724631 -4.95271075659945
1.09820348792355 1.82712623901612 1.95747194981291 -3.32066090638405 -0.979059038981689 -0.0179081191506609 -1.14498718247365 -12.1100483903725 -0.641828703262651 1.66764911138207
-1.51207968663522 1.39220539034608 4.27468705493494 6.62982200700431 -4.48661669653517 1.70476792117055 -1.59255854242168 -11.7885837989195 2.92189879434324 3.72840525521641
2.35829492891609 1.1548651128462 8.24196156140887 6.69328245001424 -4.87585875427278 -0.326615424890454 0.394833544335065 -6.07139002204786 0.587597365015575 4.08339452291249
2.8381638348458 2.56399070557217 4.56476270012737 1.49019812530521 -0.125092459561979 -0.440253886544078 -0.822729320967369 -10.2552211298 1.90471016508721 2.73957411432657
-3.52166173661742 2.02343259906646 5.8157655717088 -0.677270607305925 -5.50023845148901 -0.237714167705031 2.6378390288906 2.45774027915734 0.707530947829911 4.1599472385595
5.25470819714333 -1.40856767329003 3.98320307288481 3.93566227871997 4.3191930388313 -1.11200938051568 -1.2376013491458 -1.00135502172647 -0.254874189091586 0.243389814857603
1.5440310588814 2.20167699749412 -0.0328754584981178 7.53391138733531 4.99965077038166 -2.62981463585678 0.864364110313128 3.29564143339651 2.41888274048161 0.569544959667196
2.99927364008985 1.17077106238973 3.0056722006485 -0.0657785142656433 3.3602215012767 -4.22456155761558 0.00885054542668072 -6.24282851414514 2.37647492314043 2.44339177643343
3.1458250009321 -1.35961317758572 1.99473913419275 3.06880065377691 4.28458201589794 -0.873288562145317 2.62550945105449 2.08210421356192 2.49178107364847 3.38191719948378
5.87819086803174 0.426027906986537 9.70488721674223 6.31581934480979 -1.29874606044398 -0.83003388723375 -6.08559471330858 -6.85566777729665 0.984449149951461 -5.26104160840656
1.64590095899538 -0.101495434453197 0.0226092992390737 -0.0285494639904966 4.73604034077317 0.935220605039178 2.88037782545967 4.14426012152237 -2.55006600855691 0.592174907216286
-4.01534420176433 -1.47805401971956 -4.94911533705151 1.90030864712455 -4.23827737266369 -0.425059703307052 2.09445734761877 0.172980139430718 -0.985475807018273 -0.9851262639283
0.696214404305388 -2.78408239663005 -1.2169784947272 -1.94881457249304 -6.76328706984822 -1.45005751803019 -0.924105051556809 -1.7838925610695 -2.00006623674039 -1.97044396360748
-1.37558048092542 -2.50911708604564 -2.25904931608453 4.02086218167875 -0.692765175249427 1.31690104511206 3.67473327396498 -2.34810692739967 -3.23381619283182 -1.64427949269215
4.13162795084046 4.25666080826793 4.34222749326037 1.61290679641847 -5.29207327261951 -0.065481059213929 2.96908300250233 -2.82656689649489 0.695600211317254 4.27447359310602
0.549669863818017 -0.675387387156836 4.69221993649469 -0.750805077254408 3.56041799775902 -5.04243354540321 -0.837090177777107 -0.125000106252264 2.77684275776702 2.68963756866059
-1.69987717891879 2.19702650453711 2.95206019958898 2.04513445302453 0.346287061469236 -0.665305422046256 -1.08658800414249 -9.9486601914486 2.31014285869116 -3.0685162740932
3.18723709897139 1.80742423867854 1.4696673258136 0.962521197153279 2.42269695870051 -0.365092744955292 0.438414428809953 -8.50493328231833 3.22850276348466 1.70220082382942
1.51282779383872 -0.119960896002697 -1.962666157751 3.90277836820797 -0.596291203906028 4.51894214013402 -0.0990910973250104 2.22987071890592 1.90102204722251 1.52338957929938
1.13367843271843 3.8404628498394 -4.51021244074282 5.06326240778651 0.157682442695787 0.127509256080462 0.543584326603917 1.4766608221543 5.78967232882523 2.24314360870397
2.52567614409918 -0.0452535058885623 3.73079995244441 3.22436307102227 1.05430152780491 -0.529378139075797 -0.609668913046528 -7.54445470435271 2.19972228969839 1.83856438190398
3.8976169126508 -0.379273534372031 1.2185718668548 -5.29894785642646 1.79246894699369 -1.35338727556812 -0.653838658817916 -0.524139251124513 3.4923558956752 2.13174134797316
-1.62671398478668 -2.00093849016466 -2.2156995598367 4.59427003273623 -2.55234292368849 2.79840692225181 -2.95401801178579 -1.09300525058072 -3.70326946767421 -2.06548099305252
1.27806124432057 -0.526780946747759 2.49164551714449 3.15047586935755 5.33368686898028 -1.21869967787927 -0.730893455400542 0.847099646367562 4.22100882173801 1.84187968911977
4.74598062496802 -1.34282249313053 6.20008920211078 -0.380346669663298 6.15782854190292 2.3319224353653 4.54745437635828 -2.80707357583095 -6.18394427028535 1.7196051878902
-1.69596600366332 1.57461126713491 2.03227566228597 2.681461234144 1.92909861268957 -1.13198767853065 0.466337647265966 -7.79240390134524 -1.1401372458519 -0.935133118169257
-1.44496601693535 -0.0846173441373264 2.73671845093199 10.2867004170025 1.20751007299002 0.162592486959864 0.945962330412061 -11.1992034752063 1.37528379420053 0.811451593184051
3.18113774935282 -5.02147889266419 7.64637950921928 3.75899979701036 2.36341417586907 1.275453440999 4.20207900894898 -1.06047347230425 -3.88941675842519 -1.11433612436208
0.863978511957074 0.746514724174027 7.19015887415337 -0.42605468257208 4.2583730684121 1.24921560798776 2.51765436813269 -4.70223345667647 -9.22918086240052 -0.245926790145118
2.43212419475406 3.75887273576133 -0.964518180671932 0.303417745934604 1.22936448059423 0.886225435384317 1.23194495801595 4.98307542513118 -0.426597857996499 1.04543168546491
1.90707265313896 -0.555474495876086 2.75524618149943 3.10293952417509 3.58963404820654 0.431718955460171 0.691817099794408 3.89477003596017 -0.469878687271568 -2.81235214818981
2.01660379131163 7.3740502023065 3.27290160367489 1.71037653760807 2.02663568271856 2.27037329288108 1.03407514289419 -2.53478510012223 -6.66324944635281 0.70934040934847
0.531991850438781 -0.116509684628747 2.25003724324708 -0.819955160069687 3.74365931072783 -3.18435599322329 -2.06965141118466 -1.78044740036923 -14.8946052684655 -3.0070647990911
1.35234728641962 1.73008580381734 0.211963076401057 0.582087166372797 1.97781078710925 0.752971941826687 -0.326330778932396 -2.09053723542451 -0.373535800605905 4.59014915857495
2.10626070555882 0.297944522942902 0.112923097877755 3.41473471924473 2.13784159187422 0.630848282554483 0.95610777643426 -9.33640036999121 -2.13791183995517 0.804874105072169
4.08464141674148 -1.67006712594473 2.54697584743548 -0.147774364866459 3.82839440372649 3.73002497496768 4.540816436524 -0.898185857190635 4.3723347805017 -1.01218563457584
0.113571426804806 0.967856586920642 6.05615502230653 2.00228306078301 -2.38268248964684 0.334678845092951 2.27932106917139 -1.34353413754135 3.42040716426653 1.44011677682948
2.59020523564732 2.02739474110258 2.55891285756589 3.91380544896161 -3.75980948416154 2.01574326474929 2.02335976311428 -5.23832930597474 0.556507050690956 0.171784301196659
-4.13848399905964 1.20540805111603 -5.35992528474578 3.98774659683271 -2.51968569158957 1.96509755853346 1.1942870152004 -1.4364769048037 -4.82011567316198 -1.77928309372825
2.72034412352086 0.426535893633267 3.33374763712037 4.01421558092002 3.93276448201966 -4.39731811694024 -0.621470814085466 -8.16649741595002 2.07290583675169 1.83321611327252
0.869624553301362 1.76940372512804 1.02650704679923 -7.25468318975966 4.04467617668133 1.03331543973272 -0.944841818584732 -0.844424197651328 4.07085461197061 0.561034018490777
-4.41938289236134 -0.845165813656748 -3.0155804970793 5.84327508406012 -5.3265123389672 -0.900003712144524 -0.560288315859718 -0.864074084000199 -3.57627281292545 0.969160314473426
-2.74979881773533 -1.41602202776736 0.576041335528796 3.71161667057611 -3.39531627824182 -1.48672185367468 0.0535624875843656 -2.65784510352741 -4.33181457810493 -1.5678397094278
1.65260771265208 -0.181424253069891 8.8687429915509 10.8179503024055 3.58279718279062 0.730066140445531 -4.17901958449996 -8.27223627392108 -9.1613636051148 4.0024596131652
1.72962061275892 4.94151776643714 -2.47884851936236 5.38463993518316 0.0300754552417484 -0.345679420982088 -1.30774162554426 0.373116745467049 1.06319770221559 1.20474005659472
0.169038530054598 -0.935781119459113 1.17029627422438 2.74065057606853 0.135938255289246 -0.058587946024035 1.39814873367419 -5.77404380971949 0.643314155705234 1.845109836439
3.20198869686676 3.13400167878911 3.58503365902194 2.5968808186761 3.43413726397588 -0.390527750482138 2.41647349904082 -1.18324509577251 -3.38933966217232 2.59454266623442
2.90856769702414 1.61873308830739 -1.15977233731076 7.52049570280825 1.43063847512249 -0.246226239273915 0.564125541177518 1.31749141883433 1.762616392659 -0.388988867067999
1.46197958742578 1.40826296916194 -1.4807287248537 -4.18986218847961 2.37935132971417 2.17774461900898 3.3298524232753 3.54660325214463 -0.331800177693629 -0.481911990434139
4.63605600305196 0.847439964239064 4.33705936282008 7.06447929852514 2.82211675063227 2.23000872913923 -0.553704835773292 1.60108296694829 -6.34906443036268 0.327579198608694
1.81886961006882 1.01135862640903 9.33375796198296 -0.30538397366354 -6.41335548816259 0.891069352956303 -1.54108365362637 -9.81183599064803 5.24885842912952 3.44695827245792
2.28495463601844 -0.237761027939441 3.83052247546653 2.57116236935321 3.31410413002159 -1.90098489718346 1.25607280951149 -3.16157519934916 2.57067893206053 1.28206919334652
1.5627879453968 -2.66139820733228 2.84529225539857 4.0017695621364 4.52479550620227 -2.2241587371956 0.570401976360048 -1.42267518012 -2.02343787934184 1.13180830492225
3.66145647238814 2.41946590192125 0.0414441320882499 4.13588255632283 2.13210066364844 -1.58910974776733 -2.08494101277973 1.68420150851685 -2.17971944935211 2.31523582160206
-0.222831959774867 -5.73865527270856 -2.91454684660364 -2.72132384224028 0.559428550973104 -0.186088492498618 -0.364100358814524 -1.17737055843354 -0.888334036738896 1.20499294719759
2.58764205347128 0.790887428129302 -1.79982166831369 -2.46707927065479 2.99104962920283 -2.04142278444718 -4.05466459242266 2.50599349072253 -1.07463562328565 0.979929089701551
2.53272278126835 1.88600017474729 1.6516114459399 0.857300334641131 2.96694378909898 -1.05985757581277 0.268056618345613 -0.823447652435174 2.97130992664077 2.27083915982658
2.91870977018517 0.183216542127782 2.70628337997431 8.88387353279817 4.20322429887623 -0.246045177261721 -1.60971456965039 0.662376083623725 4.22012814439832 2.90944527467646
-0.038232819535545 -0.0471275626305432 4.16248192593258 3.54133417721724 2.58187891453874 -1.1360661197946 -0.845044649952455 -5.29452270476815 3.07672975085785 1.82669547616639
2.54937305266122 5.35174762758528 -0.107299024525156 -4.74085626688519 3.89971288421967 -0.073158002747098 1.573920307358 2.63597384786041 0.801435470218123 2.87005342127416
1.70068673999961 -1.51738416285831 -0.52932328137922 6.55960125673535 3.4440336324018 0.204424189067344 -0.118251248023168 1.28004142263141 2.44868349027723 2.39770151090921
5.98563348663169 -0.197305910824799 2.16165787408206 5.03599665339586 3.88883060357033 -0.265443601667363 -1.28579208373341 -9.41981158933196 2.3882040863888 1.7899293019884
5.53975724591833 -0.441070070908484 1.93794014815386 -8.09368048800561 3.84438812147674 -1.16697897408744 -2.59041070317105 4.82752540525261 5.96665940694394 0.417267034061432
-1.36497534857838 0.379711512498505 3.20939907587748 3.4163560482297 3.63146146717727 -2.31076827403389 -0.624402064332097 -8.37132272540066 2.66929095304341 0.96155622436762
5.76203578454248 -2.00875424870234 4.50707598095318 5.52984543213238 4.00855433128305 0.669939513228408 -1.20984477786258 3.17081693735501 2.72192693836577 2.54980265764469
2.59796786016741 0.279882639795016 -0.183476589121653 0.755040245286762 1.52880153239038 0.165768575865687 2.86541130052972 -4.28418481843061 -0.544816383773883 -0.0617185820600983
2.59827023979406 4.23633499120556 1.32637455532124 -0.140745759835818 2.11782078152287 -0.606668996925773 -0.296309338869849 -1.47221504268956 2.75753641127106 0.0201013107262868
4.12688443781473 2.01683623848674 -0.374816308876293 -1.03080761674188 0.527722211430531 0.796214069656083 2.18231925017496 -7.68476414240477 0.251888869368008 -0.887778481781029
2.55651985056006 -0.699146269368622 -0.872448545631151 -0.892169869970183 0.41295643323474 0.775214465157356 -0.30858677068855 -10.8720258907341 1.31131800247018 -1.8497316260351
3.42224201739293 0.54701581475542 5.48471046225471 0.815861870652807 6.15151762961666 0.0842674853077802 -3.03296197137235 -2.75714451441236 4.37337048120568 0.290267596137328
3.31434637271804 2.18727982518292 6.49455548301612 5.19376027979981 1.38358084985344 -2.76334039240386 -0.965231851536929 1.27359288104739 -5.33902861904662 -6.03442152603462
0.734485049721451 2.06608723945486 7.29900274779066 6.64933263893103 -0.990071790931627 0.0258250027711634 2.62433548674562 -2.35986756323004 2.08036924557221 0.811336632007583
3.33995318141352 -2.22492814164895 3.88695828521336 9.96961620621534 -3.39373846727023 -0.388976729506115 -0.516217454988328 -6.70520643521783 4.19770648229218 2.06534470309028
-0.139966080332474 1.93125803908637 6.6147965726848 1.13804667594598 5.73040902809479 -1.85015637547367 7.73257569919442 -1.95796002410467 -4.37811043720157 3.83896110536187
4.22122857125599 -0.88633858641409 4.12053735374754 5.35541111297831 4.0765183857867 -3.42325445597915 0.068218009159776 3.75502508694831 3.05814001435938 2.23189203066101
-1.61256357621336 0.484329044119587 -0.840484687476974 -0.333443782230273 1.42671869935517 -0.494469493802456 1.55823940667694 -11.0567489637897 -1.02240732427902 2.23317541118809
-0.610943094712749 -0.739565151357548 0.685547300699113 7.54083104452574 0.538765941197405 -1.42514783234712 0.391483000540892 -11.5414106572738 0.00871882103820987 0.0471095083098313
2.39024540307111 -1.61231331061414 5.88708900471124 -4.74012797697333 2.71326916720263 -2.00988993551081 -1.3813092257878 -1.01792806284951 -5.66179990288245 -1.16397837776483
1.53895078871943 3.01865209911512 9.88137817650187 1.04830407164776 -4.88907914082078 1.3374709251931 -3.22477492038359 -0.527312682321718 0.205159079586435 1.79866710923351
1.24495116087699 0.669128692517153 5.16564284414304 0.640790390955678 3.13988501825367 -0.0612517835947387 -2.59795980547915 -5.81087857474517 3.40781154473056 -0.915928047214645
4.29054492202325 -0.808944813064708 4.09831785854711 0.783742426317849 2.16462027431176 1.56766866204538 7.80194773305619 -1.35783202777229 -8.29855628888896 1.21696809488032
0.795588341427655 2.12370491445753 -0.457411452155774 -3.60012782236679 4.36627176052933 2.06741590906357 -0.65545104405004 -1.4339558837236 2.83741133797227 1.35089167847229
-0.449098402895148 0.16960495706053 6.30013441449681 3.14669836882433 -0.735408103433623 0.312327414102247 -1.98702938402124 -7.02915443319059 -1.57625897126672 -0.730393695447467
5.7944812088919 0.313433079742288 10.9896534392407 3.11965602517654 -6.49774097835296 0.481604432365298 3.0023390673955 1.34413252620797 -0.944789233337423 2.84967898969898
2.90494749616064 2.02616435363728 -0.636556944460414 7.05688926190914 2.89497750563214 -0.265711545515519 -1.81655932856539 -7.46737402858067 2.23833788620724 -1.15468742116025
2.61104240983576 -1.45209267328008 1.2372591960545 -2.01019134499885 5.06587448464215 -0.945793292855629 -1.27453841379878 -11.0774740552745 0.690659197774999 0.177795110727755
-0.287471183831199 0.491852402300168 2.26299526268055 5.8735926280616 -1.52110427912117 -3.58551369896432 -1.33653538441885 -10.818833943523 3.01148687823376 0.427675356735839
1.26187033989002 1.91249720682332 2.71422458225001 4.36347915137159 3.19483442201351 -2.02872782254541 -1.41980907174256 0.23828613505298 4.27288254263341 4.11282693531685
-0.687245870095192 0.734747121469307 1.5023555644407 2.22997412510295 -0.255766659895718 0.776524266194505 0.884404818170264 -8.1833753224185 1.04017860668785 0.799334993386742
0.268353954309675 -2.84671404317351 3.82787729670212 -0.450034156303647 -4.14848719499084 -0.645982968696058 -0.675823512471571 -0.920943270426873 -5.31416877872614 -1.40497566556609
-4.32905898736044 2.08128353000763 0.857686195645775 0.908466131948636 1.06225636762367 1.06916340349423 1.91996773474259 -1.75999974206933 -1.30351768395785 -1.18758891261477
1.54955115233913 0.632080406575918 2.6885213494087 2.96311283311241 -1.30410527610109 -0.884291710292172 -1.22112009490004 -5.9406969935275 0.609168837282585 -0.00307785049078579
1.10261360006287 -0.0504469652414383 -1.87650090999739 -3.52169047183695 2.19011293610567 -0.915170987193425 2.89603609522544 3.20765946758118 1.02045134803251 4.16365725996526
3.64982310076781 2.58618417676976 0.972048736849108 -0.882578699645092 4.56290010993589 0.689829240547404 0.760168302591574 2.55336794170943 5.84977450860759 2.87451560087835
0.877234762803989 0.0425315806428914 11.7737561392561 5.80708718874206 -6.01292940468005 1.53814832262131 -1.91438638808198 -4.80035738002348 -0.586634111674349 0.630917904717575
-0.262223976581765 2.06248019985167 -1.13309267367679 2.82619073738073 0.864085288334363 -0.660315937997881 1.68964687719026 -8.57466517640432 2.32979374102282 2.65784211087278
3.58863835289738 -0.39038904656564 2.57883549196462 2.99556800739165 2.21898191980871 1.69777268137264 3.47261538670767 3.23776288587827 -2.2222409589905 1.16965623051315
0.639804726694159 1.48874489079896 1.74264993083547 -2.49192810268471 -0.894652782326565 0.512247323945352 2.31512003150642 -7.77330371061313 -1.69928443466881 0.994444209621633
-0.970613490870778 -0.0582619975928476 2.87282144737051 -3.50191284997566 0.836813967326552 2.79705261914509 0.383910190350255 -4.12853448283707 4.15760624646319 -0.457334227412642
2.58283752027175 0.697474034475331 4.13457485645672 9.79875923639877 -2.90046453045429 2.59863304927535 1.51173119213488 -9.20679784418554 1.44871068562046 5.04598737827704
-5.16764589173801 -0.649010978104551 -3.34901735403733 -4.67722600007056 -2.43240723171264 3.09484169124676 -1.50782833491182 -0.428652551484866 -2.39013256471799 -0.246833230636961
3.42663911560158 3.32530201511479 8.31456448408622 0.694563464731789 -5.01251132589088 -1.11964968038689 -2.2053127514675 -3.40385924909216 1.41210718478197 -2.38509425052991
2.47037758054633 4.77343791959626 1.82440343263688 -1.48310990727496 3.1694220858739 -2.59679977414837 1.26685226646791 2.8642739349244 2.26242665864875 1.43738328156385
-5.7633416445482 -0.383049414744362 -9.68553192743924 0.688920270193886 -3.68545633275225 0.847900072953655 -1.36016560592377 0.462991461070316 -3.14622091937788 3.45767800008208
-0.990219613458367 0.123936874565396 6.36879212717776 3.69689311325477 4.27123873421342 -3.75822008517851 4.85125510220909 -0.573623778353356 -7.05226142680604 -1.74123625087979
7.36372385488506 1.08150631883645 3.55461876664572 8.56997130664039 -5.15225949450424 -2.52589367970992 1.00347896882236 -1.66615850625972 -0.424482837199777 4.20849024925632
5.86679054480562 1.46636513399429 6.07418549884153 -3.44452028012815 2.86987845143297 1.79699955498713 0.872934511174879 -3.26986549409809 -4.11408915219458 -2.41611543785866
5.17615270928808 0.138488065274549 0.815017374671257 3.66084942004264 2.73448495297584 0.570812486046256 -2.30072010291438 1.92417319430845 0.0934131754114707 2.35086093341829
1.16975316744455 -2.07709811318691 0.704184996474214 2.86832366699134 4.09513511508115 4.12449530695994 -0.393910016266372 4.97314918702637 -0.184157988972996 5.31755899828893
4.67249246351011 0.82571278220445 6.40612832327483 -1.37726152074518 -0.172492295621486 0.339830152888182 -1.87025544834172 -7.13487921306863 1.40863616168979 -1.17716464192563
0.427604461438161 -1.14129147749495 0.738729801141307 -0.822754781135297 0.976363972155519 0.867302269158106 -0.193868387422719 -7.86332141647711 3.99806305481407 2.47324734144826
2.51082381674631 -0.0123477117925015 4.04991892760219 4.1180045621363 -2.12767819415939 1.85513476010101 0.884176555140158 -9.10272293570354 -0.403849505803805 1.79131080708572
-5.54985574242319 -0.327132948327886 -1.96798456270493 -2.48150505866133 -3.22668606706183 -0.433917873903149 2.66564831119207 -1.72779309999372 -1.78717979162036 -5.97478772936295
1.9217266201787 2.85161623204481 3.88977034860798 5.43354922684349 -2.57044262315004 0.600590867066264 -0.475934585601692 -2.37670866831077 2.66237430056747 4.15532025060368
1.89737983972085 2.20999269337975 0.795201251788688 -5.94074141563762 -0.590863769257108 1.86423093440847 -0.084048040732712 -7.3575063201575 2.14457483734634 0.731407999005233
-0.731924818702044 -1.77792247381377 -1.72861102676617 -3.15349665693354 -4.70760608962637 1.88251342941455 -1.71507856666426 -2.47204602767956 0.28680126644355 -1.22107064827112
1.86080143447918 5.49050796175505 3.78896803251384 4.61345650065438 2.11649276086982 -1.536529789392 -2.10476080233087 -2.00784015549099 -3.04213674399487 6.90544880051969
-0.268343190308656 1.10144733468662 0.618438632885186 4.99931322442232 1.59798816857627 -4.34049893958684 0.256202661087434 -1.00309602529081 4.7522056910335 1.81616492035914
-0.93007488934011 1.92974233962243 5.29727270162137 4.24999823858654 -0.857932646983269 -2.27313638796665 -2.0509475071321 -10.1290094450229 -1.38911395587571 0.812150323632076
-3.36596856337165 -2.9575595293747 0.777621956734702 3.98402011722634 -0.981441536933622 0.265152876150423 -0.509582412115495 -1.82383772046159 -3.12349187878113 -4.27841283252007
4.42648580417554 1.13119587023172 8.06769184733094 1.36431750547742 3.22698445156548 2.98298943027831 -3.87285507108009 0.945455170538563 -8.95314289708044 1.10655669193831
4.22460219570628 5.23601624127765 1.3795884288878 0.183193949856731 3.18466710854037 -2.18961990824378 -2.25415309098473 -2.52453356377833 2.63625350678714 2.12175828391028
0.170958765146497 3.04219251107599 -0.132177420471585 3.20860077719482 1.56879383224606 0.517068254516276 2.843008381055 1.99979093845308 3.49722493359773 1.47281495788382
4.521458023844 -0.614066421438888 4.07233108044499 4.81119841826621 1.0172607731632 -0.229944269476494 -1.60727339558385 -7.87625286603432 3.02660062703517 1.98796660144835
-4.2978618276547 -1.46703796391182 -2.51661400306738 2.22434517083248 -4.90503122743206 4.73503280798497 0.457766009549767 -4.57511994818183 -1.57237633176555 -1.59286881140074
-1.00110345290175 -0.792695773200398 -0.0618800055925697 -0.553778661144617 -1.45631253781622 1.37979731567004 1.39955009507336 -2.37064359051792 -4.38745610234321 -0.499385047466096
1.78060400439789 5.21807252708484 1.59690244508849 4.31431620509535 5.11008367953204 0.943400374954471 0.696236360622986 -2.20723358747083 4.75050743264595 2.21913804002173
-0.717511657449753 0.929194048107628 8.01965190049755 3.26971389008863 0.103426577548358 -1.66091206226475 -2.79956831454042 -10.0119886262765 -1.09848787813349 -0.562846991222409
1.5394322196285 -0.651744901608454 -0.557441585665851 -1.92547995692941 -0.755833124455288 1.74508946186557 0.789101300933449 -11.7047899780428 2.49710490827291 -1.43430316585555
1.85295754302629 5.14844270077389 -0.549729262787306 5.14487470954609 2.08158312209941 -0.633533071842415 0.378967643597893 0.613652992552754 5.35403232638915 0.545635997877196
3.58181313531746 -0.716667693364905 5.02337667781525 -0.719552951572549 -5.54204867526479 0.321583209608016 4.08664624790323 -7.96814051857725 1.2645929375007 2.97978642639755
2.58867002429631 1.50866977319426 9.94002042496192 6.87810145579975 -6.16428573433795 -0.952807736976511 2.96716814329567 -3.88531253226674 -0.388076031281661 -0.195557501314226
4.55502633121874 -0.46650814548534 2.58770458709551 1.92367841701039 5.09755934084564 -2.99082049692272 -2.02493147409558 -7.24621317572851 3.31391913922754 -2.75797390946465
-1.66047625872561 2.47086703631864 1.51584507033583 0.989997290745579 -0.978446592134854 2.10186726749331 0.846618573128379 -8.22552493069793 -1.7738998311111 2.90061741214129
2.54232075606969 -0.161566906750345 4.61318728004179 10.5291573286018 1.06142841011292 -3.16423901351923 -1.31665324261676 -8.12063163575902 3.08971576649313 4.43067109983785
-4.33886489849827 0.0193855333095652 -1.25410428513306 7.42732959174046 -2.48460611815544 -3.17236419721343 0.868443520921975 -1.30049477389843 -5.73678436145472 1.85026338077027
-1.49097773682731 0.164330481560278 4.03563632666032 5.39305683887848 -0.573763410539726 3.14027529656625 -1.09018604744264 -4.27209198959111 -1.85480378037612 1.43039048734631
-0.472974326321132 0.921353418875703 2.77145824545971 8.01906221853828 -1.81150895095681 -1.36896267694294 1.436701956051 -4.54022734680794 -0.858120960082598 1.86259421876669
2.08834226097593 5.97814807700651 10.139842791242 1.31862119096981 2.85299827076755 4.28135219619166 4.8223292141837 -2.89751109704089 -6.27364406220268 -2.2094373353002
1.15228518686556 0.927376580043841 6.63159976810313 2.63643312668651 -2.21744337712086 0.176094358193425 -1.20719854984836 -10.5065609018759 2.28438493331271 0.908131282183273
1.57446447406364 -1.13413390692354 1.14478709992503 0.130081135666625 2.16969642809469 1.22090562921084 0.830719763430814 -8.3782310531469 2.17197003550862 0.70109790673836
1.10631382586212 0.0442360991081334 -0.629939200909702 -0.374938802265994 3.12155675329278 1.43187602174886 0.96727629947789 -9.87089852456824 4.1513949619205 -1.32555681500141
1.95051651041635 1.46104946114132 9.9901711577039 -0.536502363545161 -1.57513676090443 3.10419988147883 1.01538081453051 -1.68298406188526 -2.20183914680472 -1.65393228443279
2.43542062902754 0.181966077190075 8.35081538685489 5.69311805692876 3.26993561942765 0.42371526317813 0.793185442721212 -5.71285255386002 -2.77291264929941 -4.09754555677257
-0.801306072837541 0.148709345536761 2.91228670049997 2.64238872558704 -1.91397022762952 -0.952073947939517 2.90376133742858 3.27465336681966 -6.84026584486127 1.74249399301905
-4.32353793879216 -0.0738532597035626 -0.139776059871012 -0.97163607963764 -6.2924030433645 1.72768299116004 -0.580232198899646 -1.79352077711124 -1.74759368522935 -4.96494589059881
2.97802671832665 -2.86758369680588 0.639339709003106 1.3838035138058 1.43502078651657 -0.777750097168113 2.51331529061783 2.2155260742468 4.49071968720886 0.969667471115072
0.445969086751223 -1.87217267009179 3.63337394905847 1.26509441430534 0.844635741718249 1.60227422619125 -0.6541783090801 -3.43794865349845 -3.08006009473598 -6.02962842556132
-0.370689013972602 -0.134923113567139 0.138838414575477 9.98179041999287 -0.0110920815277549 0.912395686215932 0.808765310029708 1.58417531174806 4.36631267685802 -0.127309083256932
2.78216805835282 5.26995547253348 -1.41656041646644 4.65956761247105 2.287594594098 0.69144459716126 1.12234476147142 1.58883432461702 0.562917105056504 -0.454462690263596
-1.78865456760759 0.897676453774656 -3.450563884941 -1.69575460539754 -3.18423457544116 -3.27700760279494 0.189156454811107 -1.84840454750857 -4.55817015023818 -2.71915848224801
0.408127379412087 0.721553145097636 2.5696906323126 5.23929814763502 5.77497020172827 -0.682220622657742 -1.64913076347022 -9.12555993315789 0.590330582366267 2.55073478430154
-3.52803217616207 -1.08499186070364 0.569759299553151 11.5194327088465 -8.42647778108165 -2.73332894423769 -0.661534246219716 -2.22239876779225 -3.92885546326025 -4.77143993528515
-6.15117788459141 -0.821775377427457 -0.738581332609916 -0.265581274818207 -2.48314342700597 1.37529708523526 -1.56205894228124 -1.26213122549593 -3.26954928742677 -1.53037856914858
2.3106425425853 1.40867897186582 12.3319587763892 7.55546764656571 -1.64732520814657 -1.04919134654687 -1.20298811248624 -4.92627284427612 1.99074256642403 0.552554968580513
2.03951865682783 3.04681773675229 3.52948411120381 -0.193272553440553 1.59655483975802 -0.487261301758926 0.987760630528348 3.05347296560229 -2.34651977189074 1.39388203177007
-8.54416427465809 -0.749236894664708 1.98666710588791 4.84009292144227 -3.75471196860183 -2.3561872651768 -1.23656045986351 -2.26408262353484 -1.56740199844133 -0.048018338409602
2.68185571799552 2.59637015830161 0.380242813969678 8.72324210713717 -1.62498554219219 0.0654464782181089 0.400764033297636 -6.83078385396425 1.20661659661292 2.04996828539592
5.4652828634714 3.41341119410719 2.76774671075904 -4.79362844415142 4.83667072837671 0.29568719897247 -0.820766145245148 0.913460850741518 2.79468984246728 2.91905460427083
0.951225243377282 1.28722788797539 0.800437227608052 7.87074790588255 3.7439956564145 0.168998721208278 -0.680828892887445 -7.25628542552195 0.535533962517314 2.61744745862611
-1.47938503851459 0.480977926115552 7.9242957906781 7.42668970075285 -0.660515886821885 0.407856949703773 -1.32300156615098 -5.63128651466372 0.814946321820886 0.000677594767479195
2.62186663565247 -0.499592918100818 7.50191696911624 4.38166439675227 3.77631624725343 6.39877541749395 -4.35886043008112 -1.11000848519112 -9.38128623575403 1.65813974161513
2.32324692122024 -0.427247698077544 -4.57659846227083 5.49419957315437 -1.12255707878239 1.6831553969459 1.39079336975404 -3.36923130947364 -2.46792125981923 0.460415248558055
-2.0077275328177 -1.02552555434431 0.667007113422858 0.392350947701222 1.27861996812341 -0.423246358077061 -0.125612323554767 -6.84306837638127 1.49415209865645 2.44121173599983
2.15319699083029 1.56769786936524 0.399749175701024 0.86414759830511 1.09181920907067 1.5370398289196 -0.987775165272709 2.45795751115629 1.17205611870894 0.728599858358216
3.21833637340811 1.36583343383108 3.51529918762479 0.493002274561469 3.31191031661143 0.775705872541362 -1.20877770482239 0.640989969389568 5.67234864261667 1.30391791372797
-0.137052755110254 1.27907288999544 3.51499142859839 4.04217595541724 1.75281787250782 -0.956680014044014 -1.54710455792332 -5.24833611609665 3.12932798085338 2.09983579348419
-0.126873088796272 3.86685209544569 4.77647454623808 2.75732643169549 2.72167309012199 1.29205000234717 -0.674283343441706 -7.97745979914855 -2.1685771185638 0.08563597634149
1.07545491775899 3.79089786059179 4.24448750851071 -2.27907782917851 2.38996963727189 -2.14746651459308 -2.4216721789649 -2.80458369151794 -8.63988382145172 5.62197028651227
2.28453283966108 2.88436194181692 9.7385718849843 7.02300695697017 -9.2144603949522 0.220092822378571 -2.24848491059811 1.72814080608833 3.51973559215702 1.23896944758273
2.77348298440273 0.139596988176022 5.87096526946685 6.01397108427668 -7.10345373416985 -1.05795843998362 -1.84927972246324 -1.79066159377596 1.96252032319526 6.14291234094735
3.17393691383024 -1.17880805324666 1.6474156677251 3.7474282792282 4.85354478347691 1.18618975435096 2.95712805036675 -1.94731047781741 -5.32214928433089 4.8231689394786
-0.826435399467911 -0.24328548113646 -1.49272132804224 1.94295400466343 -2.64725747635341 4.76801009530793 2.32188688948922 -0.711820355005408 -1.29127766203843 -4.55636662830992
0.183549035047264 -2.15343645305058 2.21361734005613 0.820687148083105 -2.83113576041243 -1.54293593745431 -0.670690636682984 -2.37683910534277 -2.15077105153349 -3.3100835649383
-2.99844511794424 -1.41559202260334 -1.35336004996752 0.468810745682993 -0.909728505564199 -4.59710244371753 -1.43618940107758 -0.815050136023842 0.709174476116241 2.36723126307398
0.47678978550252 5.22845970389173 6.53256679096641 -2.00806172359008 -3.01689615247704 -1.31295081695006 -3.02908579574956 -4.76972980907791 3.68710389257229 -0.859106314597432
0.668288332422765 -0.134396122872285 -5.19989147142129 2.51300968428408 -2.62401966482011 -0.394603817325078 -0.519517939063009 -0.366484791543819 -5.87429947245377 0.449434367054032
0.22532974944979 -1.36716355661281 -1.51105820480029 -0.134845231870783 4.00052465468536 -2.38716798949816 -0.944107686369053 2.23350277859494 1.42446870123935 6.00825850986314
-4.15991789476273 -1.32238748263582 5.38360090935004 2.62716206218441 -0.447569520904573 1.93667238060112 -1.12888321371694 -11.0018199901517 1.06622670833926 2.15345164088493
-2.38912907941325 -1.1617587759173 8.67078127655966 -0.398864914157435 -3.49810144899986 0.053615738139512 0.00143890492496981 -0.866094642854527 -0.00257099772196412 2.53531644909891
2.09505812319476 -1.34057292219259 5.64019939682884 -0.027052157206128 -0.296819795671009 0.00829057398230651 -0.505960946636192 -8.61790448538857 -1.44569147424235 1.58727424913944
4.67004119109221 0.222852832287408 2.46807556948792 0.236092085518817 -1.14747697974985 1.97663543632562 -1.41215652476075 -7.73631201611257 0.178423418939879 -1.15343587621725
-0.620512850157986 -1.43225194392154 2.39798335170412 7.31574287706283 -3.99284373123685 1.31041742856054 0.645145462554732 -0.214673230993933 -5.64379743184775 -2.82263695774153
1.56085171190788 -0.680586492633587 5.64719894643208 0.01611453321767 1.62916555588868 0.980110127243298 1.47128142163136 -3.64744516813182 -6.11594450938048 0.784035980417723
-0.312553937018186 1.76541492811354 -0.00342686147645699 1.05289976212639 -0.0358852958069837 1.28511830203568 0.335882518548549 -8.69420506623022 2.72063410524298 0.608369125204103
0.0958481879729347 3.89333136388753 1.24771739186685 8.70984049077463 2.14989526234308 -0.706082585814636 -2.71941529274302 2.17420017077903 0.767660066763487 6.2556078601755
1.30836980924394 -0.121641474277097 -0.226991128035924 2.98434817463408 1.61264100129223 1.30254536003096 -1.23913533727806 -0.196955580931825 3.06467752014059 4.58567491363427
-0.653741526159851 -0.0314820344438023 -0.460943550883934 -3.2518217455442 1.27929926605388 -0.0348795407833089 0.424715594027506 -9.47320859890303 3.87049761206873 1.21989439867408
2.87351899118608 2.03424287657086 -1.74798006317395 -2.24604063322793 4.2346378798868 -0.774881275474047 -1.05044036391991 1.36170703650062 4.81331309755887 2.14710760362116
1.991304813442 1.7985349884843 0.79281361205523 -0.775283615162887 3.12394792824113 1.31083813366191 0.158317008731283 3.17733757468957 1.05039806435973 -0.0361624707657544
3.36888142184958 -1.80376317388936 9.04034810444664 0.0614006155443194 4.90521490155277 5.28650927103425 1.73366727283211 -0.859216895307234 -6.33871670547342 2.08264601381719
-0.355867391912434 -3.44147068706943 3.36204826823395 -0.726159344629908 -7.16457434935874 -0.219818663734329 -1.77079802332275 0.450728378985126 -1.87637612125314 0.156652832048487
-2.24444167668508 -2.03116864579113 -1.17706371688182 -4.39808656126068 -4.99837054898007 0.616218386784279 -0.158079779248841 -0.692243800061689 -1.53835135692148 -0.551139830793858
3.94600368930082 0.200146099896444 2.62926818374863 4.90335194160056 0.908309816420938 1.9136636111179 1.34702026838638 0.973109753360014 1.56201590031682 0.8079859007052
-0.608931997768756 -1.0217874255994 3.65291667286033 5.63906795017263 1.87811415765116 -1.85387866778665 -3.10549716253315 -5.07555162730761 0.459804314056688 -1.11010918419405
-0.498977430942428 -0.190068236688228 0.446974217376876 7.88630117505339 -1.91392005200873 0.170258330258242 -0.385068000864822 -6.06875604279402 2.49237270430624 -1.21420294521237
-0.707425623026207 0.333263120790725 1.81381049783786 1.46591792667868 1.27850796078246 -2.01225635391039 -0.570644513523562 -11.9562950795702 3.61307380846151 -0.963713457575267
-2.10162941846282 4.64564788230195 10.5932858351383 3.98179412846254 -2.6755987418459 0.624425865822676 -3.89962871023926 -1.24398360665575 -1.1196695391702 0.537505017406222
-1.25707803998354 0.668613320277458 -3.05645243384702 0.0611884114851966 0.58378230855131 0.767212333223935 1.30921121192175 1.72725695905868 0.306950274048638 -1.65536337231509
0.58299784285092 -0.50529639630002 -5.42917063756334 12.0341844044741 -3.88931192997547 -1.18898270511058 4.06850791247768 -0.582235601637007 0.278855534292867 0.813891987481581
6.40631787661224 1.00668560361692 -0.366935410073287 -5.30977727349242 3.60716234000802 -2.44379163640824 -2.62430943405478 -5.67817147464099 3.68847835631745 0.696458647717083
-1.58396004269363 3.33894413410322 7.0878689948721 6.71308893777291 -4.25175304833695 1.43084225527065 0.474097797015312 -2.12274334172651 -0.806471739093707 4.11896618440828
2.75282401386338 -2.88844980193858 1.3320309191001 -2.67656785640682 0.12998899112186 -1.39026321064678 -0.0920864840212536 -2.91986000096494 -1.35942843401871 -1.53478122559195
-0.81094908246749 3.64813749836988 7.24249448664581 1.642477664643 -5.49784805187214 -0.869712005071602 -0.721519065530992 -5.04996531126966 2.48468250965233 1.8054937144363
1.92854884949002 1.00701757340591 0.861793204062563 2.83367013394832 2.81318171954548 3.47479514680778 -0.439039491848679 1.87467172906533 4.38713908938935 1.88401380235633
3.37976604019884 -0.698272054818168 3.15780249811035 10.1500821963477 3.96410420008857 1.93557631183977 -0.542435499936819 0.580015327152701 3.85420783786828 -1.2531039557534
0.751827487990613 3.17661562417948 4.09045781484661 5.9150506059543 3.95159070464275 4.12354054967621 -0.942302918684855 -1.13083379834013 -8.06884409073282 -5.09599682956892
-3.00933070027162 1.27837132595445 -1.61808445214471 -0.284381765700218 -2.72338398206961 -2.08263282355643 -1.64510594512853 1.20593135645762 0.336757107208376 -2.17380818520871
3.69786290204972 1.12591194350393 7.29399089646823 5.82908116796632 0.127594875967483 0.856662909369109 -0.979703436522662 -7.8140836819856 -1.70835972230005 1.80096235126748
-1.14182829834637 2.55661393705233 3.83257586335539 -4.74982789670872 -0.987244845257088 1.6928685450844 2.5154019310974 -9.72070205011523 -2.71727747324244 -1.57327326230316
5.33463720624868 1.77673628378191 3.56205564275729 -1.89586026125171 5.25250821823049 -1.93478272340015 -1.432120885547 4.70223614459159 6.34234907085914 5.4382720864565
1.76899705273641 5.57655647362976 -0.226181949636949 4.12729256583526 1.89397771501743 1.91230434938866 0.776264083517329 0.781552246209285 -0.0717845025916701 0.60616065263836
5.63525211385788 3.43320332340231 7.87021969013922 5.31671087207344 -8.38341942871212 0.673649955409687 -0.0401302416721497 -1.96311916719592 2.63463601267441 0.863634355469353
-3.06121834684885 -0.809462078423385 -4.8039410320858 -2.77045979725678 1.35790043782021 2.86446252667552 0.122412124639076 -2.08069931802315 -5.71999323483584 -4.80043375308763
1.98943342832799 0.250309163305531 0.557442153855302 10.73765914745 2.25722182698351 0.298010508128658 0.699963579609724 0.697172583342264 2.66016589874623 1.38136182198687
1.48306481626332 0.042885796397673 1.06834962119166 4.93225315941199 2.40821865646737 0.46754905104325 0.351492818885059 -1.3216488269294 -4.24479137199842 6.64050440519853
-3.08835517604112 1.61080626348616 2.12063040086619 -0.160790924255526 1.01964305487138 0.559288855462303 -0.125660677370607 -9.32186081827874 0.528016691528936 2.60813473790739
1.66619575205182 0.251177959536438 3.9821696996918 5.03026618832308 0.643207940668508 2.14954196572609 -1.36047930403871 -6.94968685543806 4.04487962321629 -1.11195724512713
-0.723612448542329 2.37052192195328 8.00293542656265 2.44796338970339 -6.17551622623707 0.224056409178876 0.662017057114301 3.68982754512988 0.0414232532866139 2.25089329640473
-1.89114455396286 0.213783412863778 2.59001365673939 2.3003007264469 -0.525596070218386 2.8134659904859 1.19650112802532 -7.69697654058618 -2.40234108431061 1.24115738063042
7.71025612520068 1.63446156823996 1.11504066171823 0.513926401575298 2.80771934615774 -1.0228237514252 -1.07520453819137 -8.74480883067593 0.325253549429949 1.05212774298143
0.508640948147743 4.18076420768029 8.25179452376321 2.86744881884904 -5.35893146994072 2.17809412352531 0.523425445686707 0.262623512021965 3.36741193917867 2.70669045486028
4.71594736741294 -0.285439617488184 -1.55795106812299 2.18719450941382 0.749840236638063 0.172267018002422 -0.0578856469516589 1.34987599000311 1.42552653873752 4.05646159697886
-2.41710960818166 -2.01040344519227 0.577297088388088 1.32514743299427 -1.47571782424436 0.750087571330865 -2.13091407729377 -0.468002235895026 -1.65601833508926 -2.50359958233891
-2.7509778117624 1.72962101460968 3.37527377865907 3.61024625850453 -0.218261613368046 0.572322469366372 0.312176619767342 -5.66095079177848 -0.692672696167383 2.02595640985164
2.87998741054248 0.155429492135544 8.10014754633974 1.72029979497179 1.96309393367024 -0.494621689319009 4.49492194381016 -2.04764290277632 -5.95138282517884 0.37303358958159
2.21392272024399 0.146256695665378 3.0058407462518 8.11984884036541 2.56721271174503 1.98962424589741 -0.126331461334816 -9.82770657644404 0.487318419738894 0.461925278038572
3.26362173233398 5.1157956156061 9.97147183488339 4.29948154536665 -2.6924323188413 0.186856353735894 -0.815120314719161 0.544894672845428 -0.489226161498463 1.23104474706185
0.294415359212732 -4.71004387193749 -0.0594896049589414 6.92979091027552 2.66214601276215 1.05005121382182 2.00306010769925 0.211963147674826 4.94720002289156 1.47806812590726
3.1671046130392 0.77447752685728 0.463750830915687 6.46405159345132 4.40305485766391 -0.444276539494996 0.261395881166471 3.99559594323655 -1.65909696599563 3.08578716935923
2.50840394447612 -4.36467164501574 5.32282619967846 5.08135595248019 5.85412738428337 -0.377686679618134 -2.01950779328639 0.105357406539987 6.66137273255042 1.36953583227379
1.41020040669245 0.304765948316161 1.30723498438042 4.05885310555706 3.91390929723147 -0.971370056655434 -0.818742649620343 -2.77993621327809 2.77372793721888 2.62446053502544
-1.20218082234852 1.30780263257069 2.86844678888068 3.39063568316598 0.805509377431068 0.824572153754906 -0.491185505822874 -7.22258827600319 3.50425296487749 1.44534181716442
3.41373038595205 5.10419864076935 5.4970030069891 -0.188265449864647 4.56745171964387 -0.319678451738513 -0.406218468566085 -5.15789650370477 -5.3575651483391 1.26901104700518
-1.01279665284888 -0.584569146704798 1.76843508585859 6.02093684311392 0.605059053974834 2.35057985110058 2.09212263572865 -5.33897502895971 -0.224490505367495 1.52736350077145
-3.53949771402561 -1.02678673671583 -0.337634266229987 -0.118789631071417 -3.29019744883869 -0.804955019902258 0.657771790016663 -1.34801600961816 -1.28768188055189 -2.75342173722131
1.41386759013802 0.893829962793688 1.57881263632243 3.85238393267987 2.29770471252132 2.18628196399168 0.248045480112446 2.66037914566773 0.368509834166376 5.78976158161988
2.29602676309604 1.98314766886451 3.95765760945749 -2.36308141820404 -1.44638329298716 0.270180087772431 1.47007393121756 -11.2384801217689 -0.153411457790185 0.344245838128404
-4.40194974013986 1.44389272063416 1.8290830384877 -2.64652731827451 1.05799962521864 1.47639460038984 1.39474913042553 -2.9119367214865 3.38638730501486 1.13378044735606
1.84323950125347 1.64209828824715 2.89842104699375 -3.87086418571833 -3.46115531530954 1.4652111276932 1.35393293946765 -5.7710448664261 1.25914957762479 -0.109202479218452
-0.502587978922142 0.142719425241018 -1.47938623838263 10.1779995076141 -1.37004656454226 -1.4581464051727 0.487857754993019 -1.6222990912526 -6.91083087974419 2.85375824701099
-0.456991405928404 -2.32755350992068 -6.56566272986169 2.53451166773855 -5.05309708824558 -5.41341467686382 -1.49345426222947 -2.11463206479761 -5.19001834527304 -2.21579263519898
5.84121586776891 1.53701871391953 0.384985514712769 -2.41507024949716 -0.592067341483277 3.89349603941692 0.41870489790837 -8.91901671399234 -3.59806758549475 2.72801659644989
-1.02371684034749 -0.578276530212102 -4.00470641764989 4.20550696471491 0.992295031642725 -1.91928996915056 0.771639111082964 2.54195052144977 1.57230696487269 1.02300993649341
4.73907314594322 -0.131489685796918 4.01217368261529 5.03720253594191 0.285599269204082 -3.02085877319715 -1.60711051890956 -12.039147120494 1.06128966942019 0.0279457743166972
-4.0406593030185 1.02465335258466 -4.91646136839815 1.14793763720058 -2.03594551609551 2.97497002777548 -4.46798482704306 -1.30182198009038 0.188799697552395 0.257385255462096
-2.36750528955953 -0.126884642582422 2.97689650030542 0.915514825798392 6.45539183493948 0.366119536740129 -0.531281306459213 -9.75093662249865 1.94415977660225 -2.86214334737567
2.67002395130955 0.488446842506002 3.3371475294518 -1.02108679148641 -2.33709969150778 -0.668091540612575 0.819369512184961 -6.16360582230709 0.993632665744188 0.593077788398689
2.38204188686542 1.78426580348318 2.71135449713206 8.56003485133677 -0.976159958452195 -0.0319923084049947 -1.07049922990798 -8.93025605963005 -0.354422361513837 1.38124442186161
-2.52643862256358 -1.85305723812559 0.260454069116512 4.14455252939223 -4.63891875158176 -0.931348395009464 0.805190279072633 -1.8142876019531 -1.69111451010066 3.71775410978066
-2.5633610145142 0.300541394687909 1.50287244340976 -0.996216411616185 2.06789246048786 -1.85978914904956 0.0259209770898625 -11.5849703617391 2.63949768855384 3.39605552028329
-0.849886259725483 -0.186181064449827 -2.69068935257339 2.79490763617858 1.07189450435566 0.129471286385766 1.82930248652872 -7.93658378160025 1.29714768894551 -0.890799856207024
0.929396802391836 0.679803052634937 2.13755937954148 5.8455702919795 1.4293995269793 -1.62919612551234 -1.26149238791253 -9.38342776958125 0.980882266111669 1.80452184395231
-6.69805756159674 -3.45488817108664 -0.395019379581185 -0.371050603726668 -2.73939178005959 -2.60599258042855 -1.95789825015921 -1.46906679595487 -1.28649157101028 -2.2869555652589
4.16599549570588 1.49111959905357 1.89380205190963 4.19628111366373 3.18086927625837 -2.10982327284853 0.142395894315238 2.32009362217583 4.94761152507062 -2.43849518923026
-3.46160866735035 -3.1954736656752 -1.43235267209059 -0.80771946240623 -2.22423954450272 2.90693641970671 -0.158227945236589 -1.03192363607183 -3.51192004441739 -2.99663027928982
1.07963786892308 -1.01808483229864 2.87801978175239 0.231516228798415 -0.311089450886004 0.830682890822697 -0.356800529533346 -10.442988048432 0.128351035054191 -2.84236677589765
0.97190558531595 -4.70473834938593 3.58707561370556 6.21666361496959 5.25122727142654 0.0217545613208629 7.23263534748721 -1.61129257830129 -6.55281313702891 -3.36752801407608
-0.260054922837538 0.49017822358573 -0.906216740853901 -0.250946209832228 1.24369583223225 -1.60348469060662 -0.175087941032685 -5.9808942988518 1.03215356089014 1.01251194249485
-3.37155036684001 -0.465109818477766 2.94712062415548 0.566925002483547 -1.88188964929648 -2.84262507798425 1.68485830431722 1.34294087127376 -2.54427734551995 2.28809541342811
1.05559841314228 1.97147819302791 2.60356049141653 -1.10253018538919 2.34588839331839 2.60885723128959 0.135812243451955 0.971970597194168 2.03233984812701 0.475695654650677
-5.7176476423986 -2.02822586316431 1.13509883258231 3.1872723761968 1.95242792124208 0.787964638406525 -1.69700924173318 -3.09292526744908 -2.91802936839421 -1.8935370572173
3.59858638037159 4.72447631547401 4.68044356643412 7.89042426750269 4.48161644626278 -0.347170462313946 1.60551656813137 3.20005105206206 -0.270663469630542 4.02764612301475
-1.64786335283619 1.85787574283046 -4.05443416839482 7.56915933240484 -0.476497854291147 0.330435045285485 3.29679867488646 0.193958063332025 1.19951313683387 0.215648128266233
0.607198185674012 1.52684292710427 4.36345863456152 5.61029319593448 -1.09298002252464 -1.07395200990949 -0.0243792105217221 -9.6984999829334 0.934538051697281 1.80512456915658
2.59832392022084 0.930615057024114 6.70590836442655 1.85011295643638 -1.55892571472544 0.37233308726253 0.975794036784027 -3.31831982597291 1.88904003838773 -2.28339476501291
3.29260965372003 1.37549064843865 8.17502109851444 -1.61621259540394 -6.00172147060936 -0.242338401871337 0.570621672557852 -0.0331421677942367 0.0590091167244493 1.25073816627006
4.40766991872248 0.346806888180038 2.01060949943945 2.33715808699999 1.11620097085106 0.261633725198981 0.636873382820315 -9.91052967146132 1.94159917015917 -2.2902515421807
1.73258853048301 0.243129874882829 -2.83225500832737 -2.4298097357234 0.507987902837417 1.16921613529456 -1.19800093882566 -6.5121779706716 3.43914811814893 0.419040239160623
4.17762512544066 -1.19673317065388 -0.395689490419346 -0.096242315838948 5.51636925065306 -2.68512236200845 -0.14940784164186 -7.51327834051069 2.58540341377555 0.0448456383598913
2.56334664216438 -2.05578133018734 9.09651071764309 3.03279311345753 0.786777690990516 1.86214047314761 0.345492015728748 -6.35283046628194 -7.33914959623082 -0.40560381196788
2.56475726892503 0.545572905469887 7.47517815547175 -3.49215960803296 -3.45830736655086 1.13762197308461 -2.03860533044078 1.07885750296158 0.744576624674478 -0.195526497260917
-2.17158106116568 0.743900300800446 -1.39158499145405 1.53867281462989 1.36006535552841 -0.55007628615179 0.362099987748143 -1.17038849666564 2.64335405001514 1.85578213155755
-1.46853253090904 -0.57961780351003 1.76949777535906 2.91680512237722 -3.20521681741038 2.25963804978353 -0.424024397091475 -2.6824348655731 -2.48589616629236 -3.58519177798216
1.00240115863147 0.385803839384013 0.708892570850796 -2.02251689436542 3.22370654514092 1.18321476315413 -0.00877777000579276 -11.466707661471 1.47786293351566 0.855542603488239
-0.496465861659569 2.69381359598086 6.24182731271596 3.15083442524246 4.29180677952892 -3.94662990397465 2.35011966473172 -3.58601007808983 -5.81942359489743 1.57755896580731
-1.73397916246798 0.905373990364587 5.16274624063445 9.54035306776374 0.837586832344405 -1.13452192598067 -1.71946628690876 -5.91740797687865 1.33082474320595 -0.524123656928615
1.68791436831304 -2.06943226885654 3.77535177198837 1.21446068752548 4.06728283415341 0.898466775851583 2.95791225183572 -3.64592054373942 -3.51288173815377 1.31356510465326
-0.075734974759927 -1.94169548591041 2.3430556837724 1.02627504453392 7.37026891735736 4.31876847659782 -3.11248536426653 -2.22364490366481 -10.6617625875226 2.48159615423057
-0.0904489767540564 3.29992664105517 8.63189905400236 2.94330108636462 1.70895117181148 -0.663842245109989 -4.48270636981963 -3.52781866320566 -1.28127250332545 0.217426558155992
4.96968241601212 -0.218922972724535 3.83801773112064 -3.4750006482801 -4.84231214007072 0.061626270235375 3.07322613753486 -2.77249709503616 3.17377251184442 3.07074919556385
0.241241683383084 -1.98277478642719 -3.49393401952265 -4.40702786313762 -0.872499938761072 -0.562011559904735 0.312542332757203 -2.61937782116219 -0.714392018821082 -2.76358571101319
4.62232463158458 0.324549369460592 -0.462720348792554 3.66804690651393 1.13739770024821 2.1418088332981 0.682920024773021 -10.9875915416574 -0.213287040290302 0.550927540527833
3.03519435678863 -0.283293460832129 1.65576912222683 1.48499115052113 0.648395244360368 -0.182393911494683 2.52413957152852 -9.97157435926755 2.92399649589666 1.54896174355742
-1.06239548004548 1.39283432603191 0.951650084076576 0.962226506614002 1.21182838062385 0.55586765391045 1.86536447426178 -9.04947835264227 -1.06097332483265 0.391937151249389
6.62137024776944 1.52693182999046 0.3484824769871 2.64042490749907 -1.83340409635113 2.37243497336429 -0.443617724947933 -5.63041615728665 1.89218447322589 -0.536439913500797
1.04818846609866 0.595822423137461 3.9141529805893 10.4639824057998 2.71107856047253 -1.8737598639139 0.0242643328273995 -10.2212281663939 1.23751652824383 -0.0925029067925593
-2.67339915909529 1.14573542193023 -2.2903879888058 -1.49042575321095 -2.89837429165712 -5.9594592846199 2.02342417065984 -0.559623455844163 -3.44225467050453 -5.54752029342176
2.76459709170442 0.921395138378787 7.69549151692294 3.60401522683116 -4.15585152367822 -0.499724519684259 -0.805511830289892 1.52784942060175 5.66394332632374 1.61265989853043
1.37058703144262 6.5981078383636 -2.73719416464324 0.280103435578883 0.259199361851479 -1.64698743966824 0.774736495006879 0.388603468728484 0.956813142332272 2.23239884403
-9.47664119812052 -0.784726741245699 -3.33940650810655 -5.12890724604469 -2.47952288310098 -4.79045740627602 1.92184230882568 1.05699489243333 -3.39699610064555 -0.319620113638986
-0.373782657976059 -2.39918639297434 3.02888508641918 -1.47606973678449 4.62923625454122 -3.03717012546026 -2.01285860223878 0.0794344052600167 -5.42763358790486 4.54444105287075
1.57531431110279 -0.208599916447744 3.1673909546504 11.4935000750963 -0.962988774201421 -2.19446585493015 0.314190247034896 -9.16127277804912 1.20493792425828 0.418451198534933
2.52945458866249 4.84652477000128 6.49841157696259 3.01674961887018 1.91428776001184 -0.758814068599407 -0.761429560279778 -2.2696650363511 -6.92304486402465 -3.7051307102716
-1.60966194431432 -0.183858988460728 3.05437427176003 7.71258287846958 1.08876954916713 -1.72170861026195 -1.24125622275958 -8.63292285564403 3.62320079331573 -2.36274427673759
1.92550982294947 -0.00152862963453626 1.52764571729434 2.01887083286706 5.60910766783866 0.387566038258136 -0.629402055573315 -12.3350225785478 1.12426542157192 0.461032084577521
-0.559765361540776 0.372271872378416 1.32106304736738 2.37975800899385 -1.8241807495653 2.74827061783673 2.99028977669591 -7.92120412924617 -0.414041022239382 -0.831958588783065
3.45517405648118 -4.26307013788564 8.97306720060222 -1.96841700032672 0.127870934800845 -3.58349806260212 1.14408897563024 -5.57200712993699 -5.05833510159629 -4.81039303284736
1.38344041373064 -0.138575617420928 0.40473874054987 -3.01731357766093 -0.281088083484098 1.01973547916422 0.0340851631614881 -10.5632561089564 0.485769421692736 1.24161552641168
0.667813388268619 -1.81081900359229 1.61702008033334 -0.500618210491153 0.00786912817166141 1.40667622560759 0.643425951967288 -9.76810229318595 -1.96940497708772 -1.09465410160508
-2.48252703776969 -2.1798951900209 -3.75488223463043 2.90241569813977 0.895698024230461 4.17165968775306 0.9302929262228 -2.34120336086305 -3.92589183664638 -2.75914663589496
3.54753982853668 3.022909900374 6.39251636211906 2.26417714528679 -6.98451457201132 1.26196190033728 -0.0189499593536683 -1.68814391844542 1.23170036238618 -3.28647470618657
0.646151059804042 -0.436191290342662 4.40551967746299 0.390651495089174 3.22938876020638 0.679065122928213 -0.246859440558068 -6.5548606376128 0.101606648662826 2.30570762043009
-0.228707096254579 -1.90046349270166 2.72483065646044 -0.993555388991847 3.3573634796708 0.898901722283071 -0.239458314440136 2.38982215752166 0.180680233832933 3.34348032561251
-2.0312107375151 -0.785278517021227 0.240657815323414 -0.230416506510267 -3.38695777868184 0.333864894795212 -0.607443554132234 -1.85883224115983 -2.96919260048972 -7.23433683948841
0.989461233860274 4.24055744639079 3.00565407083797 4.93541660325479 2.51382212511202 0.185907193875606 -0.0280556809784274 2.44191831453691 3.78884818644073 1.96239696354842
-1.1917126061338 0.414009737242825 1.48500795911646 0.464538744168292 -1.03398796047131 1.82735987492225 0.652995051569177 -6.66040349577267 -1.05041364302233 -0.366202810820209
3.04302571817407 0.408081376508178 -1.54345750474826 7.32400193580678 1.39349199742563 -0.772414296043261 1.05015472220934 -9.46787933721794 2.18061176423852 1.43961126534377
3.56336012889137 4.66226249327268 2.54168135816166 5.31135341546947 3.61834300487409 0.980794557959231 -0.631588811303838 1.15970644210879 -1.44210402046377 1.94079040056821
-4.71012618475436 -0.746026801049412 -1.60053509222344 2.4178284146982 -1.21183815749714 -1.97274544034811 -0.599377073062462 -2.11973488855042 -1.71707636711017 1.22164110210772
1.44001553011393 -0.945534277729503 2.46322799241266 5.15596076212818 5.38766150321782 -3.69690977174949 -1.04955121809832 -7.85746948880364 -1.27401794871083 -2.21620601274646
-0.704259768558826 2.43288761189553 6.00716546530387 -2.76830936800038 0.00299160721219227 -1.61411669269872 -3.56823944831056 -4.37275780980471 -7.30151747082306 -2.09677958123247
2.49411305299637 0.265831688817694 3.5025303995059 8.64778872070264 0.821446278250804 -0.634961726267906 -2.0750430618945 -9.67009968205549 0.512280990269194 -1.15153893411089
3.1166866559143 2.352188841034 -0.482252306806779 3.99366133664791 3.81163307938681 1.75678269357479 0.576183563103193 1.7120677825859 1.05421551579145 4.66901586121059
2.87524266330638 1.96878972593323 5.47484679853365 5.66306136236249 2.11247259839492 -1.47416686813586 -0.76341579977867 -11.4292521049341 -1.6181003636753 0.487228940286306
-2.22480943580254 0.672645662190645 0.702114398716785 3.66076173366926 2.51685249411556 -0.275469306603194 0.0109902006439465 -10.1820089144173 1.71586370264223 -2.13049477412214
4.90852718918323 1.9213066495518 8.07117383960038 3.9958556379682 -6.0189320310763 0.569040022435543 -1.33575505216507 -4.74512831683445 -2.37796192647541 -1.02652928875676
-0.315500514421561 1.53535252028563 5.79245293783669 8.55864995695304 4.3132315039954 -1.86395018427756 -0.481380332244104 -10.7165170986037 -2.18573191679302 0.552687535828246
1.39858694080708 1.81682754207348 -1.11360844831149 -3.66499241022894 2.2030114539922 -2.84276879411552 0.69378694446157 5.40248414916529 -0.14734393473109 4.65836885669963
2.23944029887188 7.07709890475071 1.47344004652774 -0.528507908884909 2.00390353036363 -0.462996484607625 1.82389030718551 -1.07377287692319 1.96653011649729 0.388108527824657
3.75793326209789 -0.65459512488533 1.94266286129732 -2.3333403917936 0.755632404566459 -1.73942514138869 -0.735199845388533 -10.2602093628164 3.5150551467909 -2.20816171638105
4.51013628338434 1.54850599705968 2.07769533504868 -0.977803466840302 3.37465785123054 3.32509780358076 0.658444310402458 -3.58943357316519 -3.83666244045119 -0.483845838687388
-1.87611329584415 1.01404458274507 -0.537202146019734 4.36183738463334 0.694887392817331 0.281235737252598 1.29706756591847 5.05272511139275 1.64163731917722 2.94750886786836
-4.72740010747806 0.0157793615484854 -3.20545775635636 6.19373821689409 -4.32390331745543 -4.53754804556251 0.722937094779156 -4.30176544849447 -0.978506570981885 -2.51433266104381
4.31601235462239 3.52458359021049 7.58511366283272 6.03576589958697 -8.11626927565047 2.59912711567687 -3.07060423760226 5.11261283713761 0.48124674013853 0.115075438964286
-0.492994870557198 9.81643200579657 1.78146237888304 -2.0570306521468 1.04718954860864 -1.53819296089768 -2.54483108555984 -1.91475628237704 -6.57652825531248 -3.09794153688874
-0.00969823906458145 1.22130682203942 1.28396017346923 4.52561739789958 -3.29247342196402 -0.87061695630185 -0.0224102214251199 -6.73268035886095 -1.36572693634366 2.37565113645463
-4.52842505703094 1.40451423725977 0.310784138817406 3.10043786703923 0.321070807336863 -0.147277108768501 0.999621584884465 -6.96895668083709 -0.501662498828855 5.79744693975751
2.01861884555664 1.26731286677144 0.133608568862003 -0.623617472659228 0.627244004278604 -0.159704818525622 1.28424356214255 1.65279409450868 2.66226037363141 0.222644956700711
3.03932010689574 3.95290097993976 0.935845255616161 1.18429671339469 3.8040646841489 0.0583527758154999 0.436015075445776 0.661511744735226 1.71218431792986 1.35024651282391
3.53842257613481 4.33279340932905 2.00885197466423 4.37502989335077 4.67720106707048 -1.67524965949276 0.101583501809286 3.05738312265652 -0.320936878371106 -1.73235017528627
1.76111108268976 1.7494919385577 0.577857694943671 0.412886110017809 -0.0536088371732406 -3.93227774944648 2.25252537132524 -0.508640864221506 -2.54565170616204 -1.45733791649726
-5.40138006376566 -1.5848597863204 0.0447885111813567 5.07440512142169 0.583875006097649 2.06325072386875 1.22556710967312 -2.32453376382443 -1.77421759811196 -2.46073320469471
1.79871937308515 -0.432851419840454 1.24785873708446 5.76143921258862 2.5698965942308 -0.853737023669538 2.12280471856708 -10.8627890724827 -0.570054351070251 -0.1114921312197
2.65512241011023 0.961218339510087 0.17520717800794 5.15410108727731 2.81817808624046 -1.54759275004834 1.29314306705446 0.808435814414763 4.4198158175718 2.83716522807332
0.0171907190571794 0.650821153314142 -1.72481954583511 -1.01348891242451 1.21582347320024 4.73241158345835 1.88105457269183 1.00536160430069 1.30748694899191 -1.00556034570561
-1.28660439850122 -0.410886248185465 2.24961459653402 -0.28743419752462 -0.815075075926095 -0.162143167412551 -0.413939664464003 -10.2126390406028 2.11208963065579 2.81410092748865
5.40848718834239 8.32587709041342 3.9780175635952 5.14442851222041 5.1388959664624 -1.08016136394355 -2.53526403114432 -1.05124547200905 6.7068721129326 1.63912064574387
-1.114237966589 -1.38785563869138 -0.279103005523166 12.8300571526791 -3.39670467190916 -2.98483631849467 -0.798823958536323 -3.4230144678531 -3.80865538636449 -2.46500536858017
3.08075740582998 0.145064067656183 2.3593582101891 5.14819963831384 3.54278133280406 -0.174655618936253 -1.25988380277365 0.712929711337109 2.67458177033722 3.7379473226325
2.44889711377691 4.72518480272318 -1.38119922483366 4.72904818445344 3.2015561293342 2.31761077985987 0.540848742324063 0.0716612166526893 3.30581466467682 2.08458533647538
4.45858782745105 1.95674333044026 6.04055888356521 -4.39648976239457 -3.98423131846026 0.689836724952949 1.19667087341733 -3.70149666888076 1.31703094382638 3.37648801207014
0.404596312066603 1.487297232116 3.05037690698116 3.15938240814574 -5.5723989309345 0.391935993527933 1.66640362754198 -3.80668509720126 -1.70876793295637 2.49409705292177
4.56290490744558 3.61279141961194 5.24962048734733 -1.57687074033106 1.98770997271634 3.22213339499632 3.27600831608664 2.74260833343563 -5.96014787782196 -0.487988744697211
2.86675013214215 1.43116593091873 8.05535316786508 2.69088414958453 -6.63657887552459 2.80703035062905 4.66675941689003 -0.984702948071643 -4.38889385515878 1.01219644163864
-2.60051238065717 -1.13152717221418 1.37309955493534 -0.644767661869742 -0.157673245035251 -1.71751825361581 0.139836503820929 -3.4243601754221 -0.938797342793359 0.357325957542522
-1.81389150461824 2.8342128193304 3.01456464335393 2.35168017366212 4.30426504983608 -0.380698341566917 1.01856255489399 -2.63356322149519 2.07903772562763 1.21915405933185
4.10378176368306 3.72332042670278 1.91366459070181 5.41815127733619 3.40587333060889 0.86205697242984 0.955297635286138 3.06557143867761 3.05918766575983 3.47914751380156
-2.33063363359606 -1.98126247108295 2.84848289928288 -3.86636120426717 -6.86027357462566 -1.17812304075804 2.26124457320298 0.836379614275797 -0.504887013063696 -2.85577834554598
5.42090517890176 0.339553104967079 2.66183562588804 4.74737118612448 2.76629958471225 -1.6387306255019 -2.12982526385438 -6.28033368725728 0.236554007830017 2.21652670456542
2.09754839780631 -4.59973113363814 3.39816423659888 3.98047961794231 -0.075525698373184 3.62257338069265 -0.646719813784288 -3.92798535694393 -7.62688148931516 -4.24492567056312
3.12059593490847 0.647705926702843 3.93674204703349 -1.61127273769986 -2.31882019788139 -2.12680318414707 -3.0263414937674 -10.3711052301888 2.33598183348251 4.35189376121419
-0.131551977823738 -1.11326857979261 1.96183481939843 -2.41655772254665 -1.45754542541191 1.71072862539329 0.133260006152884 -7.97118562543336 -1.49972553359438 -0.579066364340276
-5.48126826424955 -1.99443403639165 -0.0682136206489105 5.67491179294836 -2.66712955712409 1.4027490815512 0.220153054020279 -3.41089239865297 -1.96959472098752 -6.32118845386279
-0.153436121995425 1.47008594774516 2.90623438343181 4.12192417788398 1.83597663026309 2.38466293357281 -0.22408391977244 -9.6890170149021 1.0324569847375 0.21253891292449
2.70490617283114 4.39766103294221 0.0387814100690576 1.87092496385264 3.40186118378863 0.864252140599151 -0.702326524531578 1.23679150049684 10.1926521029778 2.20425219087996
0.721309739615439 5.06996722721313 -4.13555568866525 6.34964697939703 0.0473107571283888 -0.137502958416613 -1.51423297519975 2.77095786032211 0.60532388437415 2.20345946418397
0.177502058251085 -0.632862010384279 -0.923483804123896 9.38534362788046 2.86219872366988 -1.09950332266099 -1.66018575761124 -10.7500031722919 5.49578497650814 1.56756947179953
-0.277909695157878 -2.76870843343884 5.7596219291231 -1.25941740977897 -2.94493751378717 -2.83280825143217 -0.997387077615741 -2.82409911863223 -3.78800633031145 3.95090420813736
2.77843802563441 0.732275855219776 2.9459673554793 4.97593637173657 4.91502336258245 -1.831619826934 -0.0893552156597451 -11.3742119878559 -0.0404677830600669 0.148989570282807
-2.37112199397022 2.00525044134261 4.34701218562752 4.3458850218594 -0.68341442588213 -0.786070434325655 -0.646614074704147 -6.042102869886 1.20412207887821 0.166223740456547
-2.94388922465678 2.22554310298428 2.05461054005092 -3.07075944949184 -0.414469439955288 0.381785320998306 0.805936550592827 -8.23499846413216 -1.37282570273696 1.5366932319197
0.20569258358713 -0.414264581216637 1.97986910512917 0.773284315796584 -0.848556762239228 -3.10193680781315 0.961398929267352 -7.57408589188691 -0.929169002426518 -0.852144715686354
1.14716556325279 -1.77952323676043 3.8607347144646 -3.84856346511457 -4.51683322195807 2.48783940964327 1.60749990090424 -2.03487639026924 -2.11741882332872 -1.25519796825628
1.78199444627398 4.04557075079628 9.7275124701362 0.392431058374045 -4.78946215142984 0.0345958719525089 -5.8052601107273 3.6850849769721 0.051413094328085 0.452612499839446
2.35171861436297 4.02983817694006 6.21800666509129 2.17751069409009 -1.58786926437012 1.18859431807001 -1.78542600848191 0.0103274994387437 0.260409120606291 -0.0375288960329456
0.765557327593892 1.19922507483035 3.85580819416421 -6.02144913619027 2.64069007465747 1.50585426139988 -1.61709355267104 -8.51652145317611 4.22402114195321 -0.0207047068118906
-3.38304404679402 0.305582596364635 2.37963509260457 6.63469036306551 0.0143456212580373 2.48850847174641 2.34239347078812 -7.49786261367231 0.376786403823991 -0.561118661652047
1.10297829030349 1.78546388267798 1.80456944314203 2.11081854896654 3.10918964860102 -1.38044107165213 -0.250600593032191 -8.66450263578611 -1.8519209302655 2.7386355946143
1.03600953445466 -1.8966842690552 1.96006837266816 3.13598467895223 6.49412453505263 -1.69056429935651 -2.14088421223101 -9.03529824871222 4.51663363879243 -0.527220986671747
5.60521541590553 -0.257688827464486 3.50054782282148 2.6193177840703 2.31826693127685 -0.184167862560163 0.649802450237142 -9.16137574802858 0.677002694911894 1.27754630674912
-0.46354432123049 0.321076648618167 1.36688639147428 11.3754778407262 3.24531772615669 0.987170539644675 0.300445971229382 -9.3382180731152 -3.22179582916107 0.789339338651008
2.93257531202132 2.46402271843035 3.40738183484529 -6.07600678156953 6.10735531506213 1.72275092606046 -4.75900748001125 0.828950097853519 0.96065640021971 -0.491208674149718
-2.47046100746605 1.23862252477058 2.3215899298897 -2.82506822738034 6.33047981638284 -0.298125648866247 -1.51567489926315 -9.72872216119718 -1.08522864489864 -2.06411825233364
-2.31288662228638 -5.02073771124419 0.966646545961444 -2.83115850068119 -5.42063075376514 2.08799184769243 -1.42819661866542 -1.64738739717651 0.00873463226603244 -6.30857905977554
1.01186103648998 2.92681203781878 2.30005842745829 6.44595099227272 -0.229425054181781 2.55673333569717 1.9224427952069 -8.28391567843085 0.260234699385764 1.38369529810266
1.40063693707119 -0.701888836932469 0.615926498643952 -3.72476901496691 3.15259837356778 3.35081853195544 1.17236641794016 1.54095710397587 -0.426560989202123 1.90694552704594
1.27998162918845 -1.1529019325013 10.6511316652911 -2.79476791301779 -6.55189177024451 -0.317811501901389 0.231429074900945 -1.94276483957362 1.51802003319355 -0.527319859647823
3.31302985347253 3.26583512391701 2.08105414108943 1.60913924232186 5.66817082602348 -2.0733524939842 -3.00930120020755 -2.70223633049715 -8.66348504773535 3.81475236864032
2.03453199185878 -1.42518246931839 0.305826194300402 1.57051842776742 1.08564980564003 -0.707093185105105 -1.84423676241132 2.65518816580976 -0.0901293853687375 2.03186001616084
2.67464219744617 0.265087484746469 4.18195252783675 1.76347267680623 -0.168523316804673 -1.35046565249327 0.12503872791785 -9.35297808032818 -1.52211394238102 1.01381008266219
0.506866731792723 4.94424321703972 -1.51014092205796 -1.42391109186915 3.59549408981702 2.62175854846135 -0.628676204913366 2.53181319670788 3.06883282877216 -1.05328239035831
3.66076993867267 -0.143491583580852 5.0128290296184 2.49226180872175 -2.74530488947362 -1.81233875503344 -2.3464447549042 -4.30015833817605 -7.20087041577365 2.80649871626639
3.54442299334625 0.526278644297449 2.94371671160512 3.74533846754457 4.0479951315182 1.12472442063515 -0.621773464021073 -8.51871760442279 4.55441017272958 0.0319849515616148
4.12641127105525 1.70008370586499 4.68755524897598 -2.37677734470107 3.79358799608457 -1.16277543428232 -1.06144738899805 1.33192680707372 2.3463526575943 4.38462355176253
1.69604080008939 -1.85220781459906 2.04413779130948 3.72500518891823 3.50234555707458 1.53954455280668 -1.32538951481358 -2.19860751236717 -1.33897777289492 0.286402418880153
0.108707059284947 1.37892054429417 4.05205884045957 0.877008735490863 2.8725094654102 0.927598033883207 0.347018100370608 -7.14022003287357 0.658255043472732 0.119415098753184
-0.73781125559456 -0.436642773374025 1.51632191320861 5.54318887508486 -7.01679544637142 -3.78456017903867 2.58208694004635 -0.481654435984659 -4.30143274137924 -4.92323508829266
-1.01605275615213 0.166081638230806 -1.99007867538293 -3.16396493271408 -4.3550149916312 -0.387930446363168 -0.902814761643698 -2.80216887908506 -2.05902223362654 1.76730262340948
-1.93674111489341 -1.58294905006556 4.76464782925658 4.0241445264245 1.79200615791229 2.84136467957386 -0.656443541089836 -7.6123240649192 -0.846271870635655 2.46763703583482
1.73726963792327 0.162962253766766 -1.831185294729 -2.73363706025653 2.42687929576308 1.19390986081286 0.285051390696612 -5.73954535171033 1.09930915250711 0.00616045826255029
4.24180323955273 3.4934258272398 0.266347027674629 -1.44366026643291 3.13058766029891 -0.159189103145091 -0.883681894323904 -2.81064655679342 5.00877741425507 0.985046588569566
-7.99633643361475 -0.762769340994097 -3.03524000285397 5.50689677523117 0.461217619473349 2.35068466660184 1.50424222654882 0.152268955162951 0.118954697077433 -7.5924403259049
3.46214937033402 -0.375852387371103 4.39117037871825 2.69340614907082 2.74347688874927 -0.712105411151556 -0.456325347906897 -7.24939489448709 1.14556405160759 -1.30071247733863
-0.423346052114765 2.55981400005634 -1.8317931134956 5.91602476344871 2.39870151386558 -2.21727944356641 2.3892585264215 -0.87355524582911 -1.98652102943734 0.16254413051246
-2.98932388918193 1.39257552667846 0.837191679028571 -4.75781770590342 3.51739895719185 0.296575032263489 0.998987581127023 -6.06434944567063 -3.2369898185229 1.29068713800775
4.08578380870536 -0.498730139376197 3.88147626009911 -1.45922534058717 7.37992947906454 -1.91425250923584 -1.83188366433139 -11.6174698928156 -1.89793685814582 0.51204054201185
1.50365611167008 0.300833884214556 8.97285303101863 0.912501296332764 -1.58871125078827 2.18830022113233 0.486412336020877 0.405666462703424 0.786737325643791 1.23080932472418
0.906482497355502 1.01874485544059 1.98318044084633 -0.341640823264779 0.913137200761483 -0.399646943452001 0.509491654484857 -10.1947351384733 -0.678460387603048 2.5490048646103
-4.26104549317088 -0.500331963687342 4.06714001384278 6.23336420974177 5.12605076699639 -0.176208393607347 0.701503732101374 -4.26940210655264 -3.27982847690624 1.62020047523783
1.14633100406328 0.872785574486044 -0.0480771611839054 -0.299036428661395 4.07549180740273 0.367661009413505 2.56153080830646 1.45437746211686 4.24152369347329 -0.587312170736167
3.36889934380022 -0.695637296237242 2.55156735795908 10.4304345740004 4.54763323482233 -2.29468078958218 -1.15477737662145 -13.3998286116216 1.99288124168266 1.07955970222118
1.59944616354214 1.132781954775 -0.574564292213065 1.59189177838303 2.06524792345507 0.482574089724444 0.587337612302437 -0.112561653619452 4.6636294035286 0.999498571837755
-2.8401062246991 -1.44789759638044 5.40686907325361 3.53136916084447 0.776220870303774 -1.79912309753232 1.84347400149672 -4.94790248306097 0.543256942832809 -1.82933238654136
1.02019566611229 5.77800309367292 0.635082808851236 0.862344694378157 2.16622781990837 1.87261853042518 5.79680438146247 -1.00134634190253 2.47339732131834 -0.84031879230867
1.59408638644039 5.24410286727688 -4.76527153014939 3.33382143873197 0.564397836435443 0.508757114045518 1.36584395103792 2.69949143807324 0.494830869822032 0.82045594460935
2.98972012416179 0.66948711195348 2.67033859632586 4.07035357561657 -7.2770819737485 1.50635823101564 -4.08062101301831 -1.01244298624923 2.50699468376418 -0.522935748857794
-5.38011142943783 -2.27061839583361 1.3343925521344 -1.1186236692057 -2.61299817562085 -4.64296950045307 -0.434669628421013 -2.28383568389629 -1.55126522761412 -1.44923538461744
2.83825709364824 -1.55723801628931 1.54172571974044 3.87774958621911 1.24156288060286 0.585809775178381 -1.12019620270777 5.7473663514141 1.17060706648507 2.70807468641327
2.41284786610337 0.406431741972099 1.79379007804193 2.11444506424291 2.24431507538121 2.12747583878268 -2.28714736485128 -10.5374552572787 -0.135901283810717 1.30228759052065
5.27808373591555 -1.8271902803192 9.31354049945087 5.90918240381595 4.31497908360387 0.444673801659283 2.71912950674435 -4.46195699228057 -3.78930881182642 0.0428683240556289
3.68027157733774 2.54440492616382 7.79966423367494 1.80173895517452 -0.191359361447817 3.47383359991536 3.32682734068534 1.63113660615148 -5.51548098030288 4.50949390627686
-1.88366864439537 -1.80629971665488 -3.50126131679932 7.40438600354233 -0.74960960847494 0.0101281707732659 2.59008061892686 0.00583632060424444 -0.269548938429784 -1.17912929399123
5.06761516849107 -2.34016855697323 5.87545149246276 8.39414876204832 -0.372232366595874 -1.02101116642279 3.7014573793805 -1.46546221132212 -5.12840806592213 -3.00616841098069
3.00554567247212 1.51246997306304 -2.09187982855939 3.60450819695539 2.70478558964238 -1.42452846560451 -1.94173873823817 -0.933784092866085 4.47171589271345 2.45878843340478
1.58185501153966 1.20342193471716 -0.913034529038732 6.81329448165912 3.30585524680895 0.612060768328173 1.06703880432789 1.81230077089992 -3.08985765273411 2.51239484406431
-4.54585913325159 -0.693724235555448 -4.65542499069731 -2.88202830701556 0.216238761973521 2.55078775779389 -1.81339891163963 -1.84775817911855 -0.851789337308399 -5.10113276102745
1.80161020739281 -2.48450244388085 1.73653144765625 4.68179605316897 4.32919635427941 -2.65010112783339 -5.60421350377012 -4.37362661382769 -6.80537443307111 3.97014707110979
-4.69352216035327 0.480047297439301 -2.06499178811951 7.35855185569736 -0.907205964405544 0.464990561512978 -0.273959184481221 -1.71301087183969 -7.9094947378299 -3.21694748540894
2.5161505794978 0.234503058449076 3.97328603313106 1.53365388117091 0.865662616262445 -0.63038708175508 -0.473168388752529 -9.61374335604499 -1.31936803685301 -0.0323715552839428
-0.553940015522101 0.627398870548989 -0.790026024472644 -1.60850180295774 -8.25674598863688 -2.09958599254217 3.31048905953883 -1.52533046550619 -4.4025652701682 -2.57692236171033
2.19201584581583 -2.3548755926226 -1.33059953386318 -5.174434778627 2.71274922996544 -0.701075728021498 -1.1362221942078 3.31809934728536 4.19566929270276 5.44406327661028
1.86463003873966 -1.95208386335347 0.838655495879375 -0.470904065310255 2.75632765779489 3.78755343765839 0.312748244055725 4.57019090724772 0.868220525923387 2.89800877309626
0.370808713690451 -0.9905177732062 -1.63468750867465 -0.610918998119786 1.44631908733056 -0.0184201776298855 -0.164150145772893 2.43283341714085 3.25050821942941 1.31979329995805
-0.574319358962184 -0.392727865833666 -1.34120568297096 7.72901016446165 -4.3861694816291 -1.63136325977005 0.535963126901748 -1.48174080805997 -1.93921700570345 -3.11405421589848
-1.82713168336733 0.96351381857076 5.99190710685222 5.44134600073092 2.16123191056367 2.00248689936825 0.54737949583886 2.44734718914104 -11.7411037635956 2.99079471831139
-5.01268717277886 0.0658020387649567 -2.09259022444266 0.00281695184647601 -4.29257173183637 -2.1187106104921 -2.8052767456289 -4.61610066795036 -0.148107530234405 -0.333454949071764
3.58524574454136 3.89194049153647 2.79793785014662 -0.664840961080057 2.60687340639867 -1.94547893114911 -3.17116494231336 -2.98609624079578 -13.6112058422417 2.64632567121253
-5.30581920898721 -0.601979100329148 -2.32662410755947 4.65367280925503 -1.1854389923538 -1.7656162189326 2.59351417501654 -0.63453217271833 -2.38087293091857 2.31125722988609
2.37706809036594 5.42268725040034 1.28682734170996 5.14963041869063 3.67663560618781 2.2752365276493 -1.27858991985432 -2.07094856113058 3.44546430238134 0.802773919011289
2.18043784807035 1.63291027998119 -1.09830152317724 -0.16035611982275 1.36839708064151 0.312662440218352 0.530039748601624 -5.4607651307212 -0.187370792608154 0.665133775402588
-4.68054709513753 -1.55618814063177 -0.999901359067817 4.91227623202997 -3.15330858161631 -0.718653181764728 -0.430271064058067 -0.681016414248519 -3.4717527337688 -2.41564897669841
1.8858368868789 -0.779734627272107 -2.2390711273907 9.03091924979536 3.33036110258131 -0.107502586525109 0.708285648866636 -7.62483100939416 3.84600218311228 0.780213787178911
0.54766327981286 1.66538903524757 0.590203510162291 -2.87868152222509 3.39927821417392 2.78146040362593 -1.38555387281624 3.30488561829866 -1.04259096854147 2.23921720261368
2.3990492544598 -2.10747924866722 1.85832694628779 2.14029823728381 -4.28915647133584 0.587385860728881 -1.80716198191652 -2.94664171671719 -3.59183669090806 -1.94194390998564
2.07482790765161 1.81613608966822 6.65496180005807 2.76008937365446 -5.45446362911444 0.81787360639105 2.04401051113667 -3.49302742615788 2.62030741393126 3.26226017257865
2.99816029936285 -1.00906538520506 -1.25981932068895 -1.19917945100261 -0.166984621382379 -0.505699847815687 2.30766105203319 -6.42220125047087 1.47349862137001 1.52043088020876
9.43107494766549 4.41379614792657 8.90601145969043 2.49191388437213 -1.32051488780088 -0.931920543633574 -1.29998095242357 0.810350551764202 -3.51174071976606 3.3918993404688
1.59251766010577 -1.83523296434393 -0.860762382866274 7.69549719698984 1.92968263684779 -3.30299715685468 -1.07118166850904 2.40036496068127 3.84429097999177 2.23438187316115
2.12069438732804 -0.656595684868704 0.426143023545375 3.42564127892947 -1.13092299327167 -2.33878847570497 -1.55430188942099 0.166520223921219 5.58751258174434 -1.0429736713782
6.90222782765089 -1.00249621906167 1.84068632842502 4.94011849860956 2.14922301637224 -0.302143703585377 -1.14711682148203 -7.1613668240133 -1.45723423827325 1.88714399172144
1.89122028221748 8.58156412485331 9.03172495938938 -1.16462553301539 4.34434449186416 1.27908421163473 4.71085155525654 -3.85810880571121 -4.60200228965608 1.50864876637008
-8.34019352609177 -0.713796715983032 -5.32519746088114 -1.71902305587833 -2.9870420442929 -3.00055715273673 -0.545861732527307 -1.97660217977544 -0.768078390134757 1.71628984776924
-0.258979564852169 -0.360293770605447 3.7643710658672 -1.33308661420251 -3.0346936455339 1.5964791742623 -2.59714603485066 -3.89693324245271 3.92662519098686 1.09511508896607
0.636759897616156 -1.47343106573298 1.41733100325885 -3.49597886993385 -0.37660290580497 -1.58899064587328 3.33742701838614 -4.51394437721227 -2.0489411443905 2.46309387833616
1.01179503296031 -2.0364662355875 -5.3518028761039 8.27215822798509 -2.07267610157416 6.76959274245759 1.05402220758235 -0.511105226624511 -0.0925073235072666 -0.538458101422398
2.06148905743054 4.33414654376819 6.54557728859954 0.149048527266775 -5.55779692750217 -0.407542245007526 1.1926594695286 -1.31243785124565 4.43427662230675 -0.720732516046614
1.06337801269341 -1.00501115572578 6.12233061737824 5.83590470366602 2.84671423810432 -1.5241492325843 -1.33102511564345 -12.0388412231427 1.53519811067857 0.83602602635888
-0.63857063257214 2.33078951510652 4.21679713742803 3.88078084902711 -2.26395295901858 1.27578648513573 1.94654964178056 -7.89775991712862 -2.24224415651485 3.40639969141466
-3.09128289358778 -0.487983077288851 1.38759249464168 -2.64890556960017 -5.72224179271312 4.85616752788498 -0.812080227178801 -0.158208252152757 -2.39295766980972 0.211314892008807
3.76634199216597 1.67759625307553 6.40203345365527 2.22296075522233 -3.33840949799248 -1.67201223325297 -1.78485714487179 -7.10751084506949 1.42942936630836 1.40452066339885
1.98241269353273 -0.771982625823298 0.901655144334374 -4.80840506999707 3.63497446325428 -0.295459624565927 -0.0629400319662715 -9.28486439122734 1.86514003233657 0.919200791112334
5.37134858034535 -0.982176036517213 3.88843241958665 6.04638232724382 3.86431793148294 -1.96723396469191 -0.678386572918998 1.76340492507908 3.35997203277705 3.44923290035018
2.36942229833815 -1.28048197852965 3.66256826368855 4.8074457758071 3.82745534058085 -0.428509811186384 2.40969559608947 -6.92284478726477 -0.126706759081124 1.07985630475352
1.13066604659794 -0.226637246436596 4.69016523754171 6.81774998795315 -1.46136723727278 0.0161778726908867 0.584218205957028 -6.10172019015913 0.514623386713156 0.836109676331059
5.34942389917966 0.543823309167299 1.84388448626879 -2.30743570453249 0.281775431825217 -2.54785960732208 0.287985772860299 -6.94337055086764 1.36997662550799 0.0333327723410785
1.29151075576972 3.1136188986174 1.88158998955183 -2.08979708222086 3.0153855966604 0.292778343468224 2.13264885758159 -3.41022156938152 6.06311867049342 0.539374803514803
2.42699672135508 1.34481777576374 1.50580614429429 2.14689821399872 2.36785903344591 2.41775943836423 -0.875222209813762 0.0881479730374704 1.41646431701853 2.69387535401972
-5.80314900848146 -1.01558560193818 -0.713888044136506 0.612303781210053 -5.39879316767939 1.50354362275991 0.445338905731279 -0.69150102090217 -2.11558662199187 -3.99075887165551
2.71499480888617 2.70289657439385 1.9068406202898 2.19204511089662 2.98421042849461 2.18880302617244 0.259372463656105 0.682630477291911 -0.550492233985848 0.0318289026302934
0.661678791883325 -0.0566033289751108 3.75807542518514 1.93749975151245 5.46147870584016 -0.290320178022676 -1.28626243658792 -8.90918852458731 -0.362004014013926 -0.657885511766721
2.38442321047393 -0.157861429835259 1.66369706789551 5.49030721719228 0.81330094155752 -1.22840548168722 -0.144373492597787 1.05126829974293 3.38814496128361 0.418155428201197
5.27411072649471 3.60317834589391 1.73619268531376 10.5916953919922 2.5630274994794 -3.17794734183733 -0.36328639299369 4.738704647924 -1.67400407108274 -1.72258704237016
4.88096074965756 5.39214335369356 -1.10223293568204 1.67344280620591 1.91017048072037 2.60471251697103 1.0804465092362 0.443424233561308 3.24821217536584 3.95102561388308
-3.35428746723763 -0.74987484847165 -7.72147911618074 4.25552919833391 -4.38964950660601 -0.808902981137861 -0.993262067861683 -1.57626996719257 -3.4623739248388 -3.83123057203855
0.489876811678078 -0.0865996013329542 -2.30458124352863 1.31222541335655 -2.04381669077953 -1.56635096712966 -3.84146529219986 -0.996002832187187 -0.495067417966572 -1.11724921420259
0.585785552536455 2.2448709507743 6.57544460189813 10.4095847684386 1.04430575281367 1.47362599774818 2.57359251853131 -3.65977024182196 -3.25545256740669 -1.15002269822706
4.72528561322512 1.41340118666065 0.649466441915838 -0.574315228885507 0.305039036047008 0.044340712363026 -1.27867942741464 -10.6410404627833 1.35132371571302 -0.102538370389305
4.61737915569025 0.544176646065815 3.09135574015646 -2.31186328319955 -5.88150897042807 -1.28242274851373 2.42865356544703 -3.51282022524427 -0.640264799543043 0.0353288040384527
1.65942593169954 -0.17990432836839 2.97697537722649 0.291523163705478 -1.15328562391546 1.06875747442571 -0.635071166498906 -9.63829204526225 4.12275308276318 -1.09818046126351
0.394198516958938 0.513270084246832 -2.70114732673058 2.71300466995971 1.16968708361711 -0.608617730085928 0.735158751910945 5.3281455428709 4.39985630946805 1.14050359444361
2.974006520242 2.20233164890531 4.22605955212293 9.34274858147244 2.0996931806985 -2.19965990538846 2.95706400014362 -1.91568366801475 -3.67693126148311 2.09985007961382
-0.939528196743874 -3.40031488681053 -5.14756334032719 1.84331623720365 -3.18311856125557 3.33809287396172 -1.69019197139853 -3.57165338837926 -3.8839918836913 -1.0880572814664
3.24101549951336 -2.62847122801226 5.97811011126956 7.85087688343886 2.5586752527797 -1.09200874466794 -5.62443248691947 -7.27719570021863 3.61724923651136 1.20460692857662
3.06062861340217 1.7513075471798 3.21276067842911 8.50868983377648 2.42673881941669 0.923061000475056 -0.677747861046861 -7.84070491724818 -1.26587713663037 -2.64046406556822
-1.50363541612305 -1.00306594639535 1.37135420495935 0.883984930713906 5.97977723555173 -2.38976674451891 -0.427752380823209 -7.11285049087514 -0.460339746915332 0.389066631332754
0.617292152848222 2.84420610324842 3.15259423520324 -6.1110531827702 -7.80343084375927 0.388171290437896 4.5206220281311 -4.0123846163388 0.701086514570191 2.36330733114505
2.05255014664219 -0.279299276054644 5.50307053759121 8.21743333644423 2.32056683074786 -2.3461193130281 5.92334352808094 1.25187065951562 -6.25510512382831 4.56995738337569
-4.32474477674669 1.12923773412555 3.71999530941127 -3.66423476623547 -3.23865223447593 1.01933782511609 1.03529721858258 -13.5942886349431 1.3067187145653 -0.930508464051654
2.68949509317495 3.34078375684939 6.03327679013243 1.82924924308887 0.617026264884222 0.130409506900809 1.37377796705244 -3.76789036931023 -7.21368521134835 -4.22041656316383
2.20929368864756 0.745606719715902 3.41142645185908 0.713452508583281 0.649179871760442 -1.53063331172078 -0.40681805875646 -7.5812649631728 2.32070500496222 1.24338962219935
-1.50863383216553 0.363916206444971 0.552673293717877 -0.818864236839798 -2.09296596418202 0.922007465582398 0.18328722878336 -6.38455990517114 -1.05045071375609 -0.310128861625841
2.34994088873599 -0.466184318475966 1.11708714983162 2.1950944092632 2.47050952459281 1.25905790471534 2.18807621220312 3.80395051200101 6.2750155611143 0.94635812436117
0.123090741791049 0.13645306967712 1.18613590994708 -3.5463979617747 -8.48999163472715 -4.85088280267543 2.93360429537839 -1.56868109155621 -3.20548462909875 -1.34039065326924
0.0356569929703153 -0.757319689734893 0.457292091036477 4.13708121951296 1.03050950281044 3.07647860349896 -0.681565645854659 -9.85928773494038 0.386545877819109 -0.851174708029387
4.52703152046111 3.47885668229696 4.29239156938348 7.765957405297 4.54692312440325 -6.23286612613149 -2.15559752327859 0.10891927655229 0.953407474241012 2.78901617269037
2.45411273086945 1.58918017186375 -3.35885821912757 3.16201501546154 0.830043314275709 0.4488372058107 -0.304705340743877 2.38242312934012 5.43853482459339 5.15715199091718
-0.989740820119016 -2.98496425307191 -0.0195143379622327 6.20831001303403 1.42162939730399 -1.01051327394256 2.19104169728089 2.43392138341994 0.301208771506526 0.399382082155605
0.483170740718163 0.634700523679208 1.79001503152397 7.65186786349487 2.13658442468278 -0.730101882477795 -1.95019251255869 -6.70908768256517 3.3446133192176 -1.45120946292919
0.726049325103971 0.841893633679635 0.494867229080073 2.15566637636132 0.964790226143983 0.685508465717649 -0.173092100060173 -6.60234570399499 -0.118376767795226 1.90813501544755
-0.541103020674621 0.24187335455682 0.93590677567171 8.0166217498055 2.50606274859093 -0.267669639013055 -1.72263361502158 -8.77864937251372 2.31624685444883 -0.386312676868837
2.38800541421335 -3.85428432768024 5.10823129374012 5.14390045441329 0.517883831244905 3.56181519962339 -3.93787137144049 -2.62742500970485 -6.44844859943118 5.01378885198792
0.694933250109148 2.80896656298039 -1.88771986751218 0.344185007915398 1.79053284850768 -0.215450600961637 -0.40473386621093 -0.698706553175429 3.98997877521323 3.44498230720354
3.96432267321492 -0.592826804029554 -0.251774151103348 0.897348209928508 0.719263266240892 -0.39319010522028 -0.122910226791637 -10.3725254152388 0.711179835572463 0.271243346722654
0.862929266787988 1.58053624589578 -3.06050496374391 -0.153972251765425 2.97091608487147 1.40619802664455 2.26924421602932 4.66882167178544 -0.846352294373101 1.26125681568349
-1.81653028638982 -1.26231159192315 1.811579330986 5.07371978820086 3.81767803996649 0.175994082828933 0.770014882614919 -9.39630015268814 3.61430481284039 -0.560088238218266
-0.144724034639846 -1.37608203483915 -6.07366804406107 4.46802358502586 -6.32263099560959 3.32811328130401 -1.12453008565817 -2.25207004870132 -6.01474974022373 -3.10267934871695
3.04420482301711 5.42580202834018 11.9904080235454 1.32809380320459 -2.93172466891671 -0.41962723666303 -1.00769562520588 0.249178023174451 1.60070052266592 -0.930425408636651
1.04995162220385 -2.95039124379293 5.56454934533916 0.499278345472474 2.08489438880921 -1.60950495003612 -2.5167392892717 -2.51477131378099 -9.79553096821338 3.64184253644971
6.55489060310426 1.10317866995922 -0.97101972973226 7.64128622920425 -1.71637236395344 2.76985414284453 0.138164871943843 -5.72568627384759 1.45254758000977 1.28245218081546
2.55067933706111 1.40519297781262 -1.154544175163 -0.595674412596857 1.72767164593014 0.331878611782703 1.00540402218056 -7.63812090392081 0.473094706854131 2.02518427713637
0.437814811578704 0.287999502273388 3.74967950422442 -1.11154715823896 1.47085689030272 1.80568896071146 -1.33132944042789 -10.3636625644387 1.78555617953707 -0.784605075687065
3.32074825867522 1.23028834975335 1.79216021737725 -3.32723310653607 2.03810536144549 -0.758093318792089 -0.360912713423236 -7.44486983723076 2.53431685870915 2.30762563200639
-0.878367568882466 -1.09457582397748 -1.93977970563282 1.26290088339017 -4.37553048001366 -0.0930672703631423 -0.825729372351526 -1.02326325445156 -4.80603842096766 -4.81168761429341
0.243906893641633 -0.00411148204249751 3.0356741668699 2.6817672118962 -2.01615277839712 -1.83333155834473 0.024404435500418 -7.09578778908306 -1.14476227136822 -0.839942536884735
1.81379538727434 -0.728299262783817 11.1087275955963 5.09291241379995 -6.21259133596539 1.54857076767481 0.525548815742612 -3.82454349235837 -2.10706567119105 -0.162794077132073
0.727660210902617 0.491112957791014 2.50484041171572 4.2385500425668 -2.88172003274978 0.752199050242645 1.53411444863664 -9.37676496443239 4.77290252836956 0.994850395092967
2.48004654477614 -2.22797500080933 3.65731849804942 3.22279012248285 5.20268936259757 2.24159761648463 -3.96433681837385 2.66494818010823 2.09811010236279 0.883329451130902
3.82457843194887 -1.03658410632118 0.752110893948338 -0.210458082237467 -2.77959555032523 0.196209922251147 0.18339914721857 -9.69712010140671 3.47978494811345 0.515485503630126
5.89106093276373 -0.103956875459154 4.47088292539512 0.241910636796729 -0.334449336856168 -0.20306929006939 -7.79193656014861 -1.65781875755351 -6.75107386578259 1.68359120926417
4.19097290081199 3.27483503283758 6.91528248923683 -0.933586296203175 1.32625538675447 0.0929075191933689 -0.223429057703869 0.428191417171699 -4.19288499131814 -2.67752680679109
2.19973631379251 3.63534930162021 7.65326191195429 4.85106130418044 -8.29332385991349 1.59271930507833 -2.34407059802857 -2.26180618320137 1.92617316651665 1.37451198017131
0.324618494746545 3.00554473410775 4.88377492222671 -2.51830807450106 1.06917166545318 4.69896138667837 -2.36282319288905 -3.12310557789467 -5.82641507936387 1.13933293854165
-6.82160073665109 1.83255438377042 2.70570110349226 1.76075722141645 1.82944189531287 3.08545493905176 0.270409670707835 -0.606664757237223 -4.5562322028863 -1.81034856373029
1.9336949894507 2.66050974225613 -1.29110398875061 -1.49768617611255 0.810140664792761 0.586404919940913 0.881074906342183 5.68977479428217 2.58441162062123 -3.2352846899484
0.242087915852937 0.683044537974412 3.17452598993697 3.0119009416717 -0.684518448290608 -0.528190249695281 -0.687378893960991 -12.4198642648843 4.14373323494322 0.488842614760523
1.65283454866221 1.95480442998095 8.72095057155732 1.32173728679902 -0.329480708656296 0.247135651857504 -1.35080194131768 -7.09551258933058 -0.799276520957722 0.313964586624964
0.416861970542999 -1.08933242464914 -0.767394868701259 1.9380756494184 1.97658748126478 2.63818523503647 -0.76177129987366 1.26906286393831 0.178709604489786 3.81739576146756
-3.30687724648448 0.793489360108478 0.385240200312065 8.83553083004179 5.47121015726481 0.117742351396079 -0.712641568406589 -7.66613285039221 0.830339826176964 -1.40882461284071
5.59319052600177 1.15766722012846 6.10432385959329 -0.262230751140261 3.08056295428011 -1.13999770590851 -2.71120428161877 -8.49401308613139 1.22067625999386 0.174533494503252
2.0835566293214 -1.04482773806346 0.48875581895776 7.93508471586084 -3.61464896701203 -2.40032540298423 0.709712694472426 -4.25816169487291 0.105824970364495 0.466901013198377
-0.374579506012899 -0.103449357898199 4.48905467763992 -2.09135881015745 -6.89160689710635 0.642281321785432 4.11386032385257 -1.44391434905156 -2.44913845333134 0.150825292802026
2.26448612928182 2.14512686397162 3.32132810998213 -5.68994093181516 -6.25169967040638 1.48923823351067 2.72771659634068 -4.92727255219258 0.445989909487614 4.61269011800548
1.7321351936539 0.187498496345257 0.8098373094778 2.93949098803296 3.49163707854515 2.59727161362346 -1.79042359501858 2.94899225237226 3.97453169937448 4.23395501105782
-4.73592268166111 6.51636573697278 -10.6739553699194 14.7469471634753 0.688966662437085 -4.27387486635999 -3.63255298293298 0.212672120744131 7.45048730364898 6.86987116020809
