x1 x2 x3 x4 x5 x6 x7 x8 x9 x10
1.91047220588644 5.48177985978595 0.73275119868708 -9.98744647610491 -1.40356524969051 0.341369302106109 10.9234573547026 0.0557716519502179 3.93421983272456 2.40500353615779
-2.09115317725398 0.76828819897131 -0.319091295883156 -8.78156042686871 2.04398774255893 2.74310797471591 4.76862227327329 0.625047938881653 -0.316226641823242 5.13307226766265
3.01113624603911 1.55565296699906 2.99399138881396 3.24409628946989 3.48093475385416 4.17975400135367 2.95851420489487 -0.44165848777934 2.13209108082645 4.27851637165671
1.79242130816764 3.18725981166295 4.25775868136586 3.22451778472919 1.44622701409841 0.243889102468988 2.33039871601306 -2.96298008521989 2.16820283741888 2.17649806833155
-1.84432897150725 1.51202934943888 -3.31392026597777 -0.904758689265269 -3.27882659509146 -3.66352882994153 -1.06982901219336 4.38940826106133 0.551312161559112 -4.45707625849692
0.50508121957634 7.22195812752836 -0.141503119772616 0.395895803263679 2.65173711474534 3.48275767655773 0.172583947165673 -1.66000256476718 4.18804312791321 3.2289865356801
-2.51627200824781 -2.67486749022916 0.466937005951749 -7.67493055978844 2.52148472666459 -1.28580900330105 0.14587774330293 5.20464186732841 2.58578565187899 -7.05622264943018
4.36648544556647 0.581746638714588 6.2130350445548 4.44909889840841 3.93275684366517 5.84573696164465 2.81928510125219 0.165754978242154 2.8870386803101 5.58193998771787
3.79320025320358 4.45683136728569 3.05397796406023 4.56585684564857 2.76771143912638 4.8902304561527 -1.42562395143097 0.529321450366292 0.921547116362037 2.86807582709246
4.20543592074354 5.45233715425073 1.54663169499345 3.26898957653381 0.111749526724245 2.05402496761229 -2.3558852551375 -3.32614596767131 1.97797103963048 3.78119580289948
3.40037870852194 3.83701068254378 3.16447008249079 4.73007371181578 -2.37287992608679 3.00438387982261 2.08734056022534 0.458196546665501 4.02615659650785 3.8963735529823
-1.17113474363412 -0.671306048727849 2.09768613467854 -10.3293566221429 -0.810957135041875 4.02483923321272 -0.00633688427809265 0.676768508343919 -4.49768565349981 4.34101102117581
2.13667122764285 6.55841083716582 1.13949467147431 4.36386645173913 3.11966800112231 4.01904312010071 -2.55845441682854 1.91367995058435 -3.26688598254996 1.96070068560949
2.53677417724452 -3.33399578168767 4.11089425450917 5.99661036583366 -1.31972054818517 3.24101203782856 0.610228473882606 0.883966644227972 2.62848331190624 3.71427524803839
1.79747917715414 0.489146929768141 1.37838474289038 3.16043392758866 -3.05233886941656 2.97812510542203 -1.77350175404742 2.35302140421733 0.822255048829745 2.0660216538131
-2.34040199378003 -3.2695592789593 -3.42509432723973 -2.02315424467615 2.71064401246117 -4.61314159388238 -3.8789837624012 4.69275242258488 -1.94514327606356 -5.61087264217591
0.929994259288783 1.53161597183321 1.72412276727732 2.43921392539978 1.53739634375786 4.12674896844107 0.453492742058502 -0.0930170290539875 0.667958594257507 4.73189199008057
1.31124582996562 -2.33063927161591 4.66766602367055 -12.7053689813565 2.51563704602766 3.87922426538663 9.05412640261645 -1.05206869063559 4.59364469511662 3.507470752434
-2.66580859013497 -3.36857989886304 1.41657709498165 -5.43907586799489 -3.76229781671836 -4.61823866076898 -0.921131516365186 -2.22148616049054 0.389921396371379 -2.95787128655534
-5.44718846154148 -3.42570528864323 -1.44073164566374 -11.2188243775816 -3.9316202555667 -1.9839605838261 0.722046774468539 -4.24160166068581 -2.79144088310924 -2.72713362817278
-2.03194229474126 -4.3992173711796 -3.36642043167682 -3.88964256460676 -1.79628631655765 -2.12038593449499 1.09095592476171 -3.01917043387013 -2.2975833125281 -8.37751550177523
2.84621649636607 4.82641773809783 -0.281807914240624 -15.3967016080404 -0.154412483843163 2.50761659493974 6.88681566557826 1.08819077047553 -1.95494839024438 4.76667423492365
-1.27087874230154 -3.9523646657394 -4.65827699076697 -3.4039092339514 -2.88871850184078 -5.08010013283198 -0.389273494080699 3.34672362175371 -2.29083594509027 -3.10807090516615
-1.91965033851056 2.47813526583353 1.90085815927116 -2.51789954591451 5.02521029536594 -5.34413365186141 -0.0571127047480948 -3.73591517897532 -3.2489450984991 -6.5370963771312
-0.441016645902303 2.77513441413374 4.30083690710162 -5.1604190185394 1.75128038425489 0.776298864377479 5.5433570427222 0.789647614958622 2.68027620629183 6.52592299826577
-4.78348572039765 -3.14919195234591 -5.51955480545815 -3.31742021432991 -5.03991722979788 -11.8450569414871 1.93462363998319 2.18631078592173 0.72793025798307 -2.25613727676734
4.44204188942234 5.13339788446816 1.12283507677359 -9.0198349336175 3.91428746799732 1.99356982656539 2.11686073323734 -2.81265599060807 0.395237878036933 0.129367453963972
-3.33389716674884 -0.791516694472512 2.53414448070441 -13.8980387542392 0.733016911694362 2.416986589729 5.16943091593029 -1.70583316237634 0.395560072594035 0.949953426085872
0.81368503264512 0.368633659089379 2.03563368053396 -7.54496699754331 3.72914886126051 3.12183029078354 5.2107697424177 1.58579686451583 2.84903816237999 5.59908451237632
5.14725646427129 2.54673080545353 -3.19888268448133 -6.63624699479154 1.9269104592199 2.78616384964488 6.81820818511429 1.59610867920539 3.0938338712569 -1.98731019299158
3.80044769667269 1.81281207831655 -0.955225078542172 0.667744175324513 2.40688261074543 1.44496396076256 1.43305506092512 -1.68412063725666 3.81392880246656 1.88391848251009
-0.772099300996273 -1.18832172911709 2.85786907736751 -12.0689126984691 0.705007228340821 0.628465962513838 6.16174541613799 -4.00119519310631 1.34334403171993 -1.14040343338792
-2.07306692391089 -4.09873829502285 -0.896865509476027 -3.89539904900529 -3.06258768968389 -1.50037854149738 -7.13737093861522 1.14747450342612 1.94472918578959 0.580530689144999
0.277913612442274 2.65635594303082 -1.36545208435139 -7.93920890853302 6.72512841282369 1.46411459972844 8.36337079530372 -1.66098300286437 0.948865983565914 1.09260572586037
-3.80328518885914 -2.43459221231171 -5.87792160234053 -8.02448047580813 0.882010497846883 -5.79739696403516 -2.03830041769081 2.31431022852828 2.02141206015265 0.112900217354519
-0.187784556531748 2.29026201659782 -3.35792862597162 -9.89084068347273 -2.42188534906068 -2.35979300638544 7.60221771768197 0.657752266931093 0.288091018882935 3.56794721141902
-3.37890918797308 -3.5621128662775 -3.013142580477 -2.73031025813324 3.51060186957634 -2.11353336570444 -3.88953531114518 0.69755058724406 -1.09651803757779 -6.08421526626064
3.26698858184441 4.93360134710093 1.51277663908461 -8.920577341746 -2.92489655838331 2.1086240903233 3.81288524400875 0.494121029175454 2.75756035755262 9.1725569780552
1.73426045631231 0.374175270142743 7.83814929063897 0.370229435725786 -5.55304763980928 3.50211552212699 -1.76576461616129 3.16202833806273 1.55944655170418 3.29999460946185
1.31948989111645 1.23590521402436 -0.0523992509127271 -12.5640818301252 -0.677827909494183 2.33262987502402 5.62474932631231 1.18010549566512 0.144927778368544 8.14185366493129
6.10892223943165 0.649557330785693 3.60854164559968 -14.0614126859956 2.62659981172225 3.54801008695258 3.63663685492159 -0.000177368736901551 1.63944599405678 1.60466995366791
2.41233099651779 0.383219488634629 4.18723614400396 -13.2434731497914 0.124947522816436 2.67830525540308 7.83290350685721 -5.24284948731247 4.30269216431004 2.8481048397426
4.6011999747609 2.85959802740369 2.17249794739002 -9.09462955723415 -0.968589904020525 2.85379568913697 7.1157116391566 2.97590762710529 0.161828029033786 3.13220359759391
2.37675157997128 -0.872410087796956 3.97505616632462 6.1546551911992 -0.699497564190771 2.22641098136719 1.42302191151867 -1.20981965791825 0.874953855767976 3.66878312949429
1.31417954501895 1.50843097199695 2.54021443843887 1.08574232341729 2.45075974817421 1.66625148970434 1.95803701064209 -3.82269039943646 2.67136245254102 0.49904955682817
0.798639271973915 7.0982682049226 0.762124788937143 -9.25014618138036 3.3235164925545 4.35395034391385 7.87893464807945 1.916635651935 -0.847855949869336 1.77553076701632
1.83498474135672 3.74594455814622 5.40399266132733 -8.52999995165528 -2.32666336383537 2.59087065351068 5.19119485027264 2.72170923649856 -0.240550842098101 2.39756179622181
6.63632453340954 0.302675781550695 0.937701531363398 0.993360844666758 3.74079225412358 1.92309984027863 1.4220472861112 -0.990545888933917 -2.38659450309143 2.63201018533801
3.81460274624319 -0.660664018414848 -1.95321850159525 3.03406226657498 1.69375256642478 3.28596567697149 2.79853915725934 2.04525126079866 -1.3825782875381 6.25640743004424
-2.60785113171179 -1.60450092655832 -6.30965391847486 -3.44525375905774 -1.69617376317298 -5.54496351471456 2.07941258881056 1.12721718764837 2.71340214780467 -3.44140787666526
4.51839961707368 1.35470888036692 -1.75254693559294 0.474390185816923 1.07489191535588 2.58526945959166 5.38931512053764 0.837307116326505 -0.171188362643353 4.0985230174568
-4.42183449269859 -5.35246214784164 -2.41754694742794 -5.56530170039964 1.9783557792291 0.491681504931137 -4.74787464165528 -5.16970004569971 0.786125549117976 -0.441091051789836
1.68995968887282 7.20385137862553 3.05122112195503 -1.09101483860481 -2.72008662636289 2.66602046601345 -1.37092886763085 -0.124790923085524 5.03941585437787 2.84440632095859
-4.31012456789096 -4.85177038276166 0.287012053668761 -2.34998046636754 -3.86691582305251 -5.33831146578834 -6.47955736560267 0.239787905835915 2.48088594858584 1.4175384652516
2.20324745573873 -3.06881451663376 -2.45773139974322 -7.268909908326 0.086953131700591 1.20451645241076 6.42653762702941 -0.67656810398394 -2.38471158865453 2.96550001614125
-0.943098977178948 2.81877488077371 1.61160431028745 -8.03470779803305 0.704520022273939 3.39776376749805 5.55747777292384 0.171394958067247 3.57016747858925 5.00793425183593
4.21355854388519 3.04970969258238 1.96614133133967 2.72135085872441 -0.759533916272325 5.64585382262862 -1.89062276776445 1.23250977698688 -2.30722487905162 2.88327636674663
2.94378366666572 -1.20386074202148 6.09171227507796 0.908753654433565 1.34187914507886 -0.080723185107928 0.905761204361857 -0.597048287161484 3.26894987571381 2.2564106619712
-4.65279048118861 -3.15526120933239 -7.46354936254956 -0.798200945074578 -2.3932044381972 3.24559450588513 -1.38306884956175 3.63280554317927 -1.79093922258799 -0.586536614165873
3.15256770018531 1.46998586985908 2.83696768083135 -10.3866301854327 3.7898428643663 3.62517778050284 5.30444004024482 -3.00429970959461 1.23231154395766 5.26586751315613
2.10184153322095 -0.885593016917537 0.584210043267965 -8.42499095835274 5.10001193762126 2.5372993916693 3.55534050994528 0.173762086850175 -3.26300604752815 4.05143343448672
0.145384604689499 6.95522674655173 1.76290209957521 -0.367343840230858 -1.60177283224285 3.65797423671061 1.88087744770622 -1.40266902493037 2.54402289981743 4.8522383578651
2.99415140797202 1.40844426718404 3.33124759545987 3.34426217934598 0.855856571305053 2.70667469063719 -1.33233419822013 -2.79806150518434 2.77252595465812 1.48893939898689
2.41366657747329 -2.79111651292824 2.15610243998368 2.27952564104785 -0.193558076138857 -0.406879598565309 0.288353059665638 -2.69241339447619 2.76296352398226 3.03740997069741
1.9904110812268 0.0573915116613812 4.64759494719768 -16.6025198718924 4.99645204630138 2.8708653875187 3.82290976411656 1.87059387800568 -3.75021917334271 -1.9056689586699
1.51379994817699 -0.151889584690281 -0.613879107158766 -0.961568973183437 -0.196355236977652 6.32852324907574 0.790780575391786 -4.66741440229653 -2.11280062567938 1.58660310957063
1.20768842617394 0.860737791142792 -2.90401176961651 2.49761041502883 2.44048313763687 -1.59343860176767 1.31533971854719 0.46080517862316 3.28620192170227 1.98084042801469
0.89229141398313 0.452529541741696 1.1096521918288 -11.3211212990679 -0.0247074517163793 4.9075904864182 5.21916660300807 0.449727481610803 -1.26817060702942 -2.52237471300439
9.12172311305763 6.38340591228013 3.63047328398415 3.27201017439528 -1.02025453379064 3.05354724807326 5.29516852391547 0.402947004897178 2.14528459267447 4.99411908449197
1.48332654113712 -1.64062165323182 9.9739487131467 -10.4758750589988 -2.44963824101431 1.74427606847269 6.466297969271 -0.393945560822289 -0.0863120751959791 3.28984823459021
4.33260638665268 -3.32679289397065 2.55813703228777 2.0477460259463 0.861063443591565 5.22950459771075 -1.19142163966983 5.24075205225817 4.62303886791541 4.29737035909566
-3.91727075213525 0.988612072708173 3.28289571939114 2.16494600885357 -0.843346807918215 -5.79575164436043 2.5342406719405 3.9343548267378 0.497282460057794 -2.31748992293995
-2.18165961972445 -0.604133794475867 -2.79665138312041 -1.8537348745788 -6.86581870766709 -8.99316789502458 0.104204847902747 3.32137111298564 -1.99698111408289 -3.72209903289021
-1.80240969166561 1.09247518241554 1.3129799460732 -10.9083882772606 -1.71471195910054 0.842985246179401 4.36472591663103 -3.6611246503685 -1.49327727497877 1.17076880443508
1.27471385739993 1.53703726035565 0.950845155904215 -12.3546950318756 0.108247882761838 1.22054181528778 4.91599262209582 -2.87324902459331 0.937626625378974 3.12909934482704
-0.286194679678662 -1.35269889146007 0.858404960534379 -9.20409119364223 -0.111973758651673 4.59179962832609 3.28233005427241 -0.460635084109253 0.621045483222589 3.29319676595784
6.17332999761069 3.60261062070995 0.026632710221401 2.36305457276929 2.91348498507727 5.08626352542866 1.94062155955367 0.377824513580582 2.95302678436921 4.50155699910347
5.51704453408953 4.6679305932841 1.41176200650542 3.52901419847575 0.227069596416957 -1.31568764871837 -4.95051561058781 0.435836600305993 0.454737757774844 3.18117826865687
-0.54084962404625 6.88118894398265 0.763024605794265 2.80390139534363 6.27071066488621 3.01157816111411 1.01592034413089 -2.78658093759079 -0.810110869391417 3.88567077327847
-4.79986537053637 -3.4195979491448 0.251285045097198 0.576671957773592 -5.25990333964333 -7.39005340708686 -4.22030229820129 1.10734824541148 -3.71176463107551 -2.57266323622829
5.68113548999496 1.05766721801265 3.67468146802889 4.96654744071275 5.60081715580355 5.22407453217328 1.28437287014195 -3.82251530994366 -0.410562975176413 6.02479749659279
5.36475497759153 7.02111381091531 -3.26167909236377 4.5033504502974 4.43561315486404 6.16431924647442 1.84736992182672 1.8340748458175 -1.11323917722927 2.74740922786139
-2.8770755938173 -3.54990444420092 -2.06399348245303 -6.05103312702914 0.61767407474051 -2.4512714914376 2.34551897250217 0.184563101290519 -4.43839567318538 -2.87644996880833
-0.998586262865702 7.21670542547224 1.16580136798763 3.95805861257117 0.897437068650735 5.75978720185195 1.1772063121049 -0.63203091925201 0.503763718510991 5.08081182378021
3.03036497700569 3.36819744417819 2.8412728270506 2.73236421356873 -0.459051017039805 1.10375755689764 3.20237207031986 -2.76718311501261 1.39862377656044 3.97212994392933
2.5569607792725 -2.3759918757242 0.591848555630041 -13.7655357815773 2.44868317614308 2.87797966471992 6.21041023371097 2.96119477784246 -0.879544223153766 1.6216696376612
3.74270956624224 1.11638850577289 3.51070029195717 -9.95756780992573 1.87951354748015 3.24984819234163 5.54257498508935 -2.47672704152234 0.3794238860065 3.73977933677589
-4.13363815824646 -3.43567481198527 -4.64721268874443 -2.9088041135839 -4.35909735731338 -3.94755068794352 -1.72560028281094 -1.23305431288109 -3.62405796177042 1.78515291966283
1.87144669064704 3.10717816000534 6.54921228875614 5.49614834635731 0.0719425694652975 5.8429469635163 2.45012614005519 -0.795130009210504 2.53071597928518 5.62737598287074
5.16098530644765 0.235580884754754 2.43629531501049 -12.0773605579481 -1.20433045418593 2.160138133343 3.62241078397374 -0.21833413594232 1.69179633159067 7.21600280348944
-1.03542339963492 -1.7136044046986 0.463732161303586 -5.17766599632581 3.63987461097615 -4.28160068815549 2.32857368816051 -2.65035211392077 -3.26550492081331 -2.16026209530127
4.34737435610782 -1.58706865636761 4.29338812662952 -9.32211687725888 3.83646470826172 5.1593315796964 3.88008701264208 -0.218033096057645 1.40361447310584 3.08261106995108
5.09301583147476 -1.06849601949302 6.73511164965889 6.39147046151763 1.42307825929261 6.88815676598965 0.415573553102563 1.02302769172209 -1.74356113757362 3.771629101331
-3.1948923081374 -2.83390576150945 -4.09702693773684 0.641570978399564 -1.10730671333747 -2.29314706258024 -0.180334550370864 -2.375778951678 -3.54130288832958 -4.26552036014521
2.95644293828952 -2.8817057802994 0.861851387843162 0.299174461467202 3.09825678628075 0.835687383534014 2.01126967955024 0.0718591186538095 0.0797832638344798 3.39528786994616
1.02653298698749 -0.846720652128376 -0.828275438276402 -9.71745048553128 4.76730201151141 3.88707283489401 8.47181552772823 -1.4531876786848 3.99904700615493 2.17620857080664
3.7327447737123 0.644950495564976 -0.92812693309275 4.76764133177784 2.01691314850503 -1.49804883106426 1.8384028508758 4.4595797541242 1.48832153276443 2.84480689244878
-2.8767712427113 6.56625255685937 -2.11151037732343 -4.0661142835306 2.71253360180651 4.56666806684377 0.227022352577785 -0.737468860862407 -3.3486678150788 -11.3638375102369
0.276030418646262 1.75190405760313 1.54418568748991 5.15178487562933 0.427535510926426 1.22261244745081 -1.9280085349428 1.44740678323217 1.02897190546747 0.940047987874225
2.99458107732007 2.68798150556864 1.27221867118311 0.243812306596048 3.33750649075165 1.41558869309147 1.07069677041075 1.89925496963401 0.956466931187738 2.55449408314939
-1.24298179363355 -4.53141704745226 3.61007322951663 -3.53016719198488 -0.95331038393545 -2.49510549033536 -2.036550516798 2.00940686158066 3.45101405411717 -1.71967255933187
4.46384715159895 3.58033670177844 4.40401387336675 0.502521503029444 3.35528158918121 2.78482450120103 0.485042045714803 1.09203797691077 -2.41972955385139 2.76135250250848
0.566094861100064 -2.91147988481651 2.42962415988336 -9.10795701583325 7.67652469367878 3.23699092756917 7.41494271956927 2.32408643050369 -2.46187783887064 -0.236325440303125
-1.93320514901064 1.35500805585203 -0.976336167795317 -10.2414747764279 1.13211915918148 3.66034400710711 6.59049995455431 -2.09833867479762 1.88675434892201 -0.107865093275208
-1.8830020764965 -1.22241557564653 0.719239736575047 2.92274731513816 -5.24131169409537 -4.50203694036944 -1.71554167394404 -2.56016545918654 -0.068762373254546 0.405387412449695
3.48134015662841 -0.856913321210554 0.918195668584391 -11.4128129780104 5.87720809139112 1.87271095125235 4.63503907774021 3.02070716479512 3.81183385645924 7.49822951551278
1.99197521426537 5.13422091106327 -0.139329845551423 -13.5049892183951 4.5317933710073 -2.25707730321112 5.11293067650952 -2.07985499070384 -2.96864207404621 4.09445666498599
-3.37781070293538 -2.31770986328795 -3.16955091033257 -2.51851095670103 1.7779573702801 -7.04106307331308 6.59897412604118 2.09902500052389 -2.7169785525516 0.818384368741349
2.59518577657035 5.17873710980802 -1.23441132037766 7.17600756209794 -0.449904879670722 6.21739206613424 0.597266902597814 3.65536677672829 0.766735954259279 2.52002179459373
-2.00471378322212 3.87669521061314 -4.39191225399166 -1.31969331339727 -4.26104714184177 -3.18003915914607 -3.0663218903671 3.8158743783393 4.55250604650196 -8.31571104033527
1.73306353693006 1.08652864562071 0.553033224980071 -14.5510312569793 -2.32525136033497 5.08243927445332 4.49301343909536 3.30263279198118 -2.03272797878915 6.28214582149978
-0.949274596048417 -1.6942039913074 -6.53530906612812 -5.44049073109093 0.044324414971149 -6.07077946522998 -0.499982892230885 -1.90690938050921 -2.03023503498795 0.03188695770115
3.53019747272217 0.906918481697872 1.21600901313991 -13.1249692173207 -1.50201717879916 2.61051283869625 6.39724966214412 -1.42134922814603 -2.55365266889329 0.262326278083885
1.34739376121656 4.73149460036626 -1.02575850510779 -11.9781027120902 4.16527059785591 2.17045001376108 4.72377157738752 -3.47003214331909 -1.14318864591706 -1.8001585350323
1.0693752438448 -0.816796447683752 2.97912244970449 -12.7506509655146 -1.15989188199068 -0.0966762112583894 3.74916645484188 -1.06327381728416 0.878253065602373 8.79233392859967
4.42091398261943 2.91826904011523 1.78295539976033 -10.5610688862394 2.73090994215006 5.69441860502724 6.84258046288486 -0.32855195282875 2.03778161083839 9.56389229325161
-4.56082618842534 -2.45399350695388 -1.23303366740376 -5.54934470633533 0.704938600705019 2.16366524795835 1.31946722255882 3.32964986092714 0.845452047550159 0.268764757909326
-0.336388751528262 0.883800206077025 3.32922428202564 -9.94205307406301 -2.92004764313282 3.44757719567468 4.69673465411981 -2.35447662812379 2.00258585662767 -1.88758456789776
0.119326323916981 3.04316445536845 -2.23634370633353 -7.93888500209044 -1.23049946087826 -2.68876080213739 3.1026784077448 0.196987582379598 3.46528911255596 -1.63896141150948
1.44324335015019 1.76495766708641 -0.610408941602756 5.55083043488217 2.43402589127678 4.61964748401485 4.1880414661644 -0.0905780194271193 -1.30216021817909 4.15628792072453
4.40725690976542 2.72632659260012 1.10517691854062 -11.0223531189723 1.37928791825465 4.36979684452193 5.2422093512892 3.52143803396568 1.23532141276182 1.40337884758705
1.69207050076833 4.86282730138104 0.0292153423542849 -9.4447630168205 -2.62634356163699 5.83758335008083 4.72780513962337 -0.464034311837669 0.848023280604461 3.52874495449681
2.21463538685743 0.639330419332549 -3.87516045907937 -0.722620227284206 4.70661216440152 2.07249119922314 1.06589786598452 1.39662752080141 -1.09894742203116 2.61077920715222
-2.02982587970448 1.60473699481771 3.5163343087542 -0.115893982793229 0.208906949173747 -3.03260587574293 -3.4826146154687 7.95428377725155 2.35906347427796 -1.44127403102335
2.60989012365485 1.74355425261581 2.61954836176419 -10.0773100870786 5.99776651231813 5.52360431159388 4.30064227889892 -0.459227830249993 -0.474080233933411 2.29151778498678
3.69108783851182 1.71067876146062 2.75539172834425 2.89816880371898 -2.49093961109726 2.10976783517812 -1.43976774761849 0.421171629072298 4.15514163142947 2.78678916813226
3.02441566147135 2.36689311882053 0.434757965692074 3.57285692410377 1.28773962288648 5.52854957703936 1.7778300256348 -1.986519410672 -1.21540829089997 1.59322443007076
3.78875090281172 1.30698095736978 -1.11919529620787 -12.3452019886387 0.246469824139492 0.629953819438114 7.2001937718878 5.93472701492357 2.29950206515814 0.0340531267711599
4.75707926050982 -2.97056721345338 4.81929602146588 -10.1161071340093 1.83609686847855 2.21796583140727 1.79450711730847 0.603650194841723 3.64139956198651 9.47838344843246
2.94442065288324 5.06691831668907 -0.356215118925813 5.58065753308814 1.57251659235377 -2.32945222415135 2.6366788156543 -5.01628729776231 1.49753461755322 2.33134316735209
4.40970582630982 1.89879701514593 2.05208045382512 -0.34692998346378 -1.73678941836761 2.98998568720481 -0.840098065411682 2.44643987830922 0.165737621507128 2.63382366692713
1.97783063186915 2.9701702628656 3.50010638292416 -11.9905471454584 4.96403234313831 4.04709908494405 3.64460591584341 1.31008517968571 -3.44847917536635 1.16712748572544
3.03112895733782 -1.96597903054169 -2.44822020884728 -10.3655825781489 -2.4329941521186 1.60741937065575 6.028862582027 0.226333828973498 -1.95646730028218 7.65172217200412
5.26525804348627 7.06203408948231 1.87765658195149 0.905450757913911 2.17114833986433 2.01892212509994 -0.251590205879138 -0.1811272469941 -1.92321107583015 2.628708459661
4.23132948261381 0.314125298904015 0.609311205921359 6.94412350638152 3.32638602219365 1.98381689383318 -1.86410609769084 1.01363490496745 -0.120492518564078 6.33921183189728
0.997624739633342 0.53702502650638 -5.52735665585565 -2.3326302486557 3.07260875081234 -3.53812926051683 0.251396019506412 1.96333938036551 1.62607324638833 -0.564027837048851
3.05467692910362 4.57031123806495 0.247690162483232 -9.49608605272002 1.11001973495816 3.5676324621312 5.40032494354631 1.57678249722141 0.677628457436596 0.827462273278702
0.244710777269656 -1.44385245584979 5.64688500269858 4.4813672189323 -1.05898493110461 8.65257068942394 3.32306433918185 -0.572536420988461 -1.25157512135873 2.80731993154503
0.877322698626615 2.23575614339711 4.97238848554144 2.7428380057146 -1.81140612712001 4.00207214405346 -1.12418648220239 -0.493111000169842 0.99257799937587 4.05219448998133
2.42772859596139 -0.188001685040195 0.31428435900393 -0.635346460593449 2.70154536861323 4.00893412113201 3.32696559503399 2.4778989275733 5.08230339857304 4.29619246001233
-4.24348018723916 8.52777393544644 -2.83594151393137 -4.04291829397675 -0.382314267655761 -4.67626248653453 2.5313767733059 -4.0288281994289 1.264997168308 -8.30869314532776
-2.47987139676407 -1.34857396247155 -2.96888840323011 -7.73676131572956 -2.81278294073814 -0.445228664870414 1.95684441075398 -0.809277602412005 -5.71424378286793 -7.91666548197357
2.42833042438395 1.98444919638515 0.814088493836494 4.24488365146416 3.73122821650064 4.72941581072887 6.06332396244489 -2.03139888540656 0.73079603322131 2.81964392323279
1.62255583970314 2.03135658802846 2.42497086248531 -10.5175260231535 3.36134467515867 0.35554369810168 6.7602909428487 -1.24239125852159 0.820263397210383 -2.25113779432931
2.99883936596703 0.88288257133949 0.464821743353621 -9.1264535024215 4.26339950181889 4.94259149001428 7.30170377997236 -4.44351239736988 -4.60737835007531 6.40393998880579
3.27096196961427 -0.959353783216325 4.42457906053906 -9.85827103315153 1.5578840009268 4.35918296011679 4.57838057561854 -2.15486275036683 -0.368189428533213 4.23783235145697
-0.296032568292941 0.798487679680883 5.89573535819911 -14.5665982454782 2.37115407729366 3.62100611689716 2.98563101591574 2.68797800473708 -2.57938180909872 -0.0167924572061895
1.33893455876579 3.04923775677018 -4.16565956865028 -14.1576485474603 -4.27896661197009 2.45544798271935 7.68786389137846 -0.115522707032759 1.71768011542265 6.54280439077576
-5.08930828758949 -1.24422992953242 1.36374347332506 -0.603991454850779 -1.01921609926782 -5.02670121354224 -2.25939999658834 -3.61317615645955 -3.65081854621736 -5.47667381786551
4.47949772751788 -1.17962950196355 1.08537122638633 7.0473171378663 -1.22881414302198 3.02216304167905 1.46454592780618 -1.15283483356397 -0.727371878517893 4.33404898290451
2.80545320764639 0.213948401434611 -0.836457537634723 -7.7056791648019 4.26193456643803 4.2053865726871 5.79731060158843 0.846231917997407 4.84615661621457 3.5612762793555
1.54455214339285 2.18514758793243 6.26749269541922 -12.9468352510185 3.2374625056968 1.11646065136935 1.82416376807687 1.70643148497343 -3.39263961976996 3.4690713853643
3.54161027300685 -2.77152620855595 4.05829167913657 7.81409165199429 2.03478078372704 3.84723953017908 1.87976741578793 3.19555806885409 1.11429080949117 4.88754610277405
2.46891182348989 7.04101569357399 2.23882148164069 4.9456879784794 2.38484806365973 5.88014215947812 -0.628294538235904 0.282099666553148 1.68801103748147 3.85246183486812
4.20241808340022 -0.530012446357015 2.58297301723524 -8.10240372138469 4.35912514453097 2.39312327040336 7.06837378933579 1.09360562708548 -2.52796446311967 0.904910097636708
-3.38707451050155 -1.3208760437789 2.90143744796942 -5.72391200850278 0.587284270553863 -1.64072934909299 2.19221578145444 2.67111128299166 -0.864714087481073 0.0345871653956982
-0.285756271067451 -5.02409624861739 -1.15956941466225 -4.99129408866446 -3.58104317962359 -3.68697994338283 3.37844815492736 -0.0754540295326477 -4.54560153332292 2.3627645093443
-3.32527548165788 2.50387983755744 -4.88644926077703 -7.89152274316753 1.87613258862655 1.22237933588644 -0.827767782302046 3.24719925044003 -1.20387948887419 -1.59023637684665
-3.17716029964391 -8.74540079308303 -4.20319872280596 -1.21954390228622 -3.13519127619896 1.2353184552633 0.794285703566449 1.07605479530261 2.56189743040705 -6.53928337150886
1.2954480644765 2.29166960514326 0.806013560526324 -11.8673873212167 -1.72560928861243 1.61235809595288 5.29830374999723 0.310922262049731 -0.282031873983969 -5.81107169005872
2.64742959576015 -2.24831803287285 1.52132675984679 -9.24475703208577 2.20233329268319 0.651250370870854 4.44379900060377 -4.53823555932576 0.330590211404131 -4.5210129528658
7.06018040275887 2.42413019611044 -2.41759454218963 -1.53469015349139 -0.931628787419814 0.841346278144051 -1.0406926177536 2.36869111313228 5.60905762756337 1.56287873046114
0.794872828937888 3.18018290111297 0.87558429769402 2.15636263236428 4.64126354051976 2.57826224064661 -0.752791668210447 -0.873344350733643 -2.06007792816497 3.06665526243202
0.659627780914878 2.40672917109231 2.94436964278191 -9.73280034712527 2.47122879179308 2.03199452915142 3.17044501444077 -1.51028283592106 2.92394607144729 0.596507934376823
-1.96797991815843 1.11440078788081 2.36971524489519 3.35150031676573 -2.09526180563271 3.83415840409174 -1.71997448987441 -0.379643105301191 3.76974109784157 2.47486142071849
4.4342947228048 1.43484400278167 3.33080766820988 -0.274815073970212 3.0400093977133 0.721172662864122 0.59006349123828 -2.73982623523851 2.69168136858216 5.34401871256716
1.98499469784902 -0.0979179506496137 3.60732304309758 -11.2790060096164 0.617946018360557 0.787292823142268 3.97913298895815 -1.47200938931091 -1.66157551522429 6.48489537538391
3.50002465785401 3.93857735521921 6.45628359098009 6.93710524044618 0.0977409431531431 2.2436929944008 6.46097916181309 -2.32274406868085 2.06520329767137 8.57164785590098
-1.98664451404139 -1.90095696700942 -4.12841956966746 -8.22951921850331 -4.60321520181181 -4.2194649854796 3.80621496818046 0.541636347581379 -3.23885655415684 -2.68840077887673
1.88167475796758 0.568625021922522 -4.49443000233826 -9.51670355641626 1.78395605915949 1.19528686739169 4.08000763638009 -0.238144251918341 1.29706054952194 2.85590607355423
0.810595270800341 3.11493582007127 2.06075086989636 2.98467802295385 3.02615753587274 3.14767830695994 -1.0249178551604 6.56150800359363 -2.91680924990982 3.31415454092004
3.80494016231857 1.86139892467553 1.08418973587679 7.89840493492204 2.8565354385159 6.35990267948975 -0.529688257854375 -0.708379629132418 1.78013432236242 5.70902306169922
3.7301903593855 0.22451802216627 3.1422828231049 5.11904038695219 3.44051983561887 3.03711983262578 2.03929459435311 1.83429216110996 1.27453498185654 3.98148092804958
1.66523421925374 -1.165563574199 0.258638759213079 2.96721786515673 4.46580280318078 5.74782521067859 0.833874732215803 -2.19467458123128 -1.41869122762848 4.08102682635882
-3.56803541238921 -3.11921198082654 -5.18285913001295 -6.7425745423953 2.34911202681048 -1.56630904293862 3.49745115594456 3.12285556233383 -2.86205153476057 -3.08698286367871
-5.39644871863346 2.19639907502131 -0.536972500829056 7.36841602699667 -2.724041712426 3.90186098420153 -2.69753611347481 -2.60895920591274 3.36120948540385 1.24491708514692
1.94750132922635 -0.210306510845203 2.40804678873507 3.86657307130568 -0.117469423273352 6.63997404449443 0.763115119730141 0.514650119841156 1.11817417657811 3.16407761673937
5.28073704893132 6.62547896556838 2.272326805435 8.27698130572788 0.134994775696711 6.12853287901661 -4.41116585546725 0.586385674765892 0.991642671415908 3.11892910880188
5.28847733715666 -0.0766048031412105 9.44324551680482 5.37558845388669 4.20747674453001 0.501028802345162 -1.96297751924056 -0.0315807786782497 0.383160099451259 3.79008235195061
1.29290130008689 0.397946415089213 3.24384302571563 -10.3333258472469 -1.09706311295609 1.83882568003031 4.70816773433015 2.28820166442843 0.126429970366999 1.61535999357224
0.841204668817645 3.07131980076803 1.46203492699415 4.2427474127166 6.37942622674087 3.33577784348002 -2.42953014447761 4.6795936496671 -1.2100182411233 4.31718449626581
-3.2058203563584 -4.4541776057444 -5.91145831767586 -4.9708489608118 3.08741875411533 -4.37462167344968 -0.700615071192824 1.67484384606617 0.0639896610016282 -2.54170365385661
1.07112280424551 2.9974339456732 3.27415794398249 -3.22218415386792 -1.51461583060131 1.84430226336408 4.92688468764592 -6.29743324703997 2.93784214011266 3.23643811199807
1.09234889964109 -2.24095516484276 -1.0384858787621 -12.1283967087118 -7.04903470912413 0.946276241308914 3.941862780429 -5.15998783897877 -0.873402938792755 1.6023332625494
5.85406889233739 -3.65201150862316 3.09684775141852 -10.650605275424 4.65373871997172 3.23981873419931 4.44260962454239 -0.442660424065766 -0.629712793754089 3.99450507735078
1.21046639148384 3.02182853961647 5.56640444456825 -10.248989510228 -0.300475070973246 3.32440525441523 6.88753808904162 -0.196989226447823 -0.900818098926204 2.64596008068487
0.823693839167134 1.84608609881921 -2.58480533869544 -8.03465831685803 3.87528129240241 3.7266009536877 5.7041222429832 0.255953485456488 0.897084511189078 3.08206822159262
-4.34567448353528 -6.01835526485065 -1.85960313467473 -2.92519711106993 -2.00909293498475 -2.0759570452388 2.35503622560019 2.0618592005934 -7.98619870527304 1.42166767644699
1.60326999636086 3.18949668965867 4.73736188333417 8.57625421646015 -1.61152756338595 2.39755204772772 -0.171854223991149 4.738193439389 0.779429820370357 2.85517726177826
1.99261243269 5.21085217624659 1.19192831666919 -7.9119939133665 -1.16308636673 1.7786994892725 5.31193627489799 -5.29193533206821 2.43435861502636 -0.927139465869117
-0.890820068969526 -3.4736779688717 -1.43667384811422 -14.0984627810358 1.47045298839787 1.74730679709678 6.5229655767761 -0.708397041995929 0.227510429302385 1.01129274601519
0.779394088116041 2.77079038784809 3.10626572204293 4.350241571525 0.28801255124001 2.47326092286734 3.64215388141234 -1.97037965239716 0.722367910772969 3.243237059825
-3.72343997843105 -0.0562901560963085 -1.60506018208365 -5.20663136966272 0.652759339837555 -2.67439186410864 -4.85359122900209 0.806480817804692 -0.690976129233439 -3.59439880998711
-3.55237571394155 -4.67595494941283 -5.41778820075597 -2.01514568229433 -4.6216756359278 -3.82078582007182 0.237018838491743 0.866393651405374 -0.903503507575679 1.58817828336873
4.16719896960682 1.60532282777699 2.30399987156069 5.66631861221206 2.26038069439914 4.50910806579898 0.406081375162408 -1.42302410327951 1.43950004619894 5.97373318526101
1.9401393233838 -1.14211693313505 -3.76370667597911 -12.0739541862537 -0.772539184180264 -3.08246125832874 7.47847518657266 -1.40271154904079 -2.22168703637013 -0.14807816817423
-1.5137232826521 4.79025552518463 3.81737332546092 1.33095901687036 1.58047212557487 0.618953618258501 -0.830084665951477 -1.16772774769767 -3.00264755095218 2.92206815731232
2.4632450058398 1.86200889289063 2.90204910307065 -13.2083825338601 5.621302052533 1.9620820398258 7.28698988773588 3.34273791352247 2.74246656809202 2.20950467792708
-0.118406058999387 -0.432818244896324 2.02461192762976 -11.9000104225451 4.76900967793234 2.66438041847216 7.45820275793219 -0.134796962965829 -3.1468879756078 3.87569751388686
1.51473375383201 2.27718571467369 0.895052642558319 -9.94469096066051 3.27662717889666 5.10582768755512 5.72795829099136 0.378831089380069 -1.64411607181172 -2.27113183226114
-4.56905380400377 3.96907311751579 3.55669961468442 -4.9432919486486 -1.08289871693301 -3.42129121908585 -2.30576511608484 -5.27564596430266 -3.01162801238368 -1.84399386174223
2.05325263962773 3.43485795799785 2.92261061354153 -6.21696212124987 -0.605000704142924 7.57735175837854 3.83339822047756 0.886130293904429 5.83657968112189 2.80592188923825
