x, 	y, 	 target
-0.2167193269428893, 0.6664585634279688, 0
0.031739123180640316, 0.4300005811205987, 0
-1.0377801758825753, 1.1088213244851404, 0
0.09358740110920838, -0.6119078101191878, 2
-1.530274761727286, 1.0424754867171182, 0
-0.7970525957643666, 1.2743107502028166, 0
-1.798652107489972, 0.4981659425466344, 0
0.6162421044527002, -0.17427823099905074, 2
-1.0609326626287339, 0.2485284713306761, 2
-1.107832984496452, 1.0251387365388225, 0
-1.7485998138498262, 0.5107606506872616, 0
0.14362670823665113, -0.06037744265800231, 0
-0.6429761008563684, -0.3258679626635141, 2
-0.47290926162769675, 0.8742777343698943, 0
-1.8020192085711724, 0.280962603582844, 0
0.0667784668960556, -0.5014591500221313, 2
-0.7745279260412545, -0.014461548862423054, 2
-0.19595698102070536, -0.32194090500270633, 2
-0.8733743116278242, -0.01121724912660342, 2
-0.1250635430958723, 0.1810147793716024, 0
1.182643663538132, 0.09197784386178501, 2
0.4275582403065914, -0.40915600412481234, 2
-0.40139802666391733, -0.4880955511476526, 2
-1.0241990103383254, 0.4220456041077508, 2
0.013090033602740858, 0.143389084651865, 0
-0.554062114605812, 0.895469912664366, 0
1.0241488559002256, 0.16667516927429177, 2
0.87968317455302, -0.33784337726063496, 2
0.684950456267134, -0.16744056039700217, 2
1.049791976172258, 0.38228220845650634, 2
-0.9147834782579348, 0.012010148496932032, 2
0.9468674156511974, 0.32003659671965956, 2
-0.8099616040239077, -0.18328500774849027, 2
-0.8057458715339968, 0.00030842987332097005, 2
-0.37787213274263387, -0.3190952926063093, 2
-0.24058833482429465, 0.8558931201268624, 0
-0.7892195451998396, 0.9102284079933831, 0
-0.4855975693040828, -0.38575991707770857, 2
0.31645674480500285, -0.41779525195276085, 2
-0.0100325903670343, 0.3423522569949348, 0
-1.9764100350728018, -0.13915168113728701, 0
-0.5476119058642668, -0.4114826428880843, 2
-0.053437130968315705, 0.3382781015110954, 0
0.5750166348454355, -0.36403057949773154, 2
0.49804446111985223, -0.39614453809994005, 2
-0.14074697654107737, 0.7386613141974, 0
-1.024210707688566, 0.10076787888183508, 2
-1.9298606977882327, 0.101798491723728, 0
0.10036775382632168, -0.6293574017769846, 2
-1.3474141218465134, 0.7482528085501708, 0
0.31401687950091706, -0.3459781040896268, 2
-1.0858909751912158, 1.0654516811366086, 0
-0.1445166213009461, 0.5025702574512325, 0
0.2573312757766528, -0.5970690235056144, 2
-0.5685090298832339, -0.17317433543121147, 2
-1.8980285731575863, 0.6172143182551849, 0
0.00256634925542798, -0.4688470800751304, 2
0.5655892564546323, -0.18686866610949765, 2
0.858344691608679, 0.27578848426793934, 2
-0.4917083346969049, 1.0760157813052362, 0
-0.7986042140031062, 0.8846113704610579, 0
-0.5520100010726467, 1.0108928201347072, 0
-0.3776137970459743, -0.4360355387953849, 2
-1.6405672182133553, 0.8274977757608164, 0
-0.6885153739307782, -0.11484082570610743, 2
-1.3811563108724267, 0.9620681798595669, 0
-0.3433009608370413, -0.47578636923889667, 2
-1.784624661713517, 0.8012412865318292, 0
-0.6750297225133294, 0.6943525287485888, 0
1.0054121814336177, 0.018000001555022432, 2
-1.6315431783546228, 0.8518955164849705, 0
-0.9474871548836428, 0.11261757558223626, 2
-0.12148051773857194, 0.04964797679408292, 0
0.4577811657851001, -0.4561929226105287, 2
-0.7547986723385094, -0.24377004292928756, 2
-1.4121493164349488, 0.9534241074391305, 0
0.985105594116102, -0.05021380892504071, 2
-1.9878044957812793, 0.6882013180501672, 0
-0.03341306836098723, -0.13128154066229322, 0
-0.6675302476855409, 0.9942745039447248, 0
0.8702230043436794, 0.08203521178020771, 2
0.10677876326758295, -0.4578615563607324, 2
0.8151158237165028, -0.09587065462226207, 2
0.06285956608053889, 0.1753812655643187, 0
-0.18942819083031193, -0.43786311829679747, 2
-1.2285096309100403, 0.8188294558443068, 0
-1.271654340421408, 1.0330387957020701, 0
-0.11864964909498343, 0.21143836999995658, 0
-0.1970646593955352, 0.7944454999756556, 0
0.7270669444626314, 0.06115544317563684, 2
-1.0658181191291314, 0.5415265573472161, 2
-0.33509192103671526, 0.5632766798201023, 0
-0.38988657878598276, -0.33119963985751777, 2
-1.1145681190720909, 0.8859338448787597, 0
-0.2705522471236559, -0.3493045240127812, 2
-0.7976878636349546, -0.15027833537644658, 2
-0.7531727666772139, 1.0492865140294838, 0
-2.0698943057038433, 0.10947415575086691, 0
-1.9527768841123063, 0.3028648653581571, 0
-1.7365722768246954, 0.8200779278569525, 0
-1.463761471406568, 0.6084212082222976, 0
-0.79647431295056, -0.044398112878543804, 2
1.030080133734839, 0.6097103727162981, 2
-1.836626627499084, 0.17379443518320242, 0
-0.14079600512216772, 0.2959163296803118, 0
0.823191184208828, 0.09119597737435733, 2
1.0222152432526865, 0.3915098050698142, 2
-2.0901445720059426, 0.0703043099305593, 0
0.5570675346570095, -0.4042517511990972, 2
-1.3356255172538873, 0.9357675093445479, 0
0.5190345572824928, -0.29107633599101873, 2
-1.036989415444274, 0.32472704252239504, 2
-1.888411310475245, 0.5296349090717938, 0
-0.613530339718578, -0.27068945256451993, 2
-1.4876177282019252, 0.8091217026008433, 0
-1.8080519150561511, 1.0777805003807663, 0
-0.27921990348088666, -0.6286629224205635, 2
-0.029890105211650475, -0.5219478024569506, 2
-2.0410980802575214, 0.34176836224294094, 0
-0.4414259702741897, 0.996439208742003, 0
-0.167420963423214, 0.15165401594243813, 0
-0.10173100932151802, 0.44933085052848154, 0
0.743288602677582, 0.3431661009218649, 2
-1.9422658705349887, 0.16620503013180574, 0
-0.8588033975331781, 1.27030298233823, 0
-1.1285349474118647, 0.4307370912580655, 2
0.7987577655694906, -0.20236481422285993, 2
0.7343487322387858, -0.35079506450814457, 2
-1.041508585046353, 1.0451131739662352, 0
-0.09846283566320047, 0.33567137395194435, 0
-1.9189286264439476, 0.3064324596095463, 0
-0.9683494457773398, 0.13655802188623106, 2
-0.9491410090604181, 0.9932564111309115, 0
-0.16921007248673003, -0.5115455008711394, 2
0.7509739382208784, 0.05211071809910353, 2
-2.042937005125878, -0.08677391648225298, 0
0.14692832547462387, 0.055339114169955496, 0
-0.02358730942741738, -0.39108203897400073, 2
0.2707117151552618, -0.6517464418382841, 2
-2.0080018868861718, 0.06493762606500422, 0
-0.36472394934820773, 0.7839721717345016, 0
-0.5062547158916137, 0.9387640332908433, 0
-0.949400496707806, 0.3570030696651728, 2
-0.9173977151268667, 0.29243289673432826, 2
-2.0474034316082466, 0.49292812343809744, 0
0.8564872025593389, 0.021574917905373248, 2
-1.766791084560631, 0.6993944461326808, 0
-1.9889079656602797, 0.33797952594313047, 0
-0.8759055133151227, 0.9779556860619736, 0
-0.909958917606382, 0.11123596112816925, 2
0.08340418860217524, 0.3477403651734488, 0
-0.3705612607128892, -0.4562818377848116, 2
-0.2971414411167006, 0.6169089133259276, 0
-0.022724538256591598, -0.6060676530091867, 2
-0.3925537365789573, 0.8939373751407228, 0
-1.6456355518560302, 0.7950381621856714, 0
1.0041912477471167, 0.30387220447164004, 2
-0.307396290059054, 0.8147056700853094, 0
-0.19676870047366246, -0.5718455659263278, 2
-1.8951275050525085, 0.9457106145208185, 0
-0.04005221501257361, -0.42275013481293766, 2
-0.9035796987275402, 0.36639796189825635, 2
-0.8471629768238864, 0.19072251498331008, 2
-2.1156929023938873, 0.17983854612175987, 0
0.19971199198621714, -0.4773555934846684, 2
0.9383885775821796, 0.5320107387392853, 2
-0.9051032321399028, 0.9948067846095101, 0
-1.0273330265247884, 1.003907913444938, 0
-1.8574457556248176, 0.5635975741773246, 0
0.4985508237973977, -0.23798582744759386, 2
0.8654427481635885, 0.11256267767621772, 2
-0.5281444825061223, -0.38015938019458856, 2
0.990311551696373, 0.49674156479097004, 2
0.3781841526652516, -0.364075607347522, 2
0.4300079779456494, -0.3013547775780592, 2
-0.6242910931225872, -0.1495680337251219, 2
-1.0159701747625034, 0.0032844275027637676, 2
-0.9102468234977201, 0.14984560243271733, 2
-0.05267944050639661, 0.4002684718570282, 0
-1.3837563901329895, 0.7718114393988785, 0
-0.1471908798019299, -0.5260591640593838, 2
-0.7878674671081551, 0.9277499641298693, 0
-1.593719038583249, 0.7006438926563511, 0
0.4576755738632401, -0.45277154951334625, 2
-0.8153935549964015, -0.16326208231901007, 2
-1.0828523870815923, 0.48221692336819477, 2
0.4501063838569619, -0.3669744810755678, 2
1.1103423332842248, 0.09522621899679856, 2
-0.24260063060122172, 0.788662438554224, 0
-1.7956979612748114, 0.4834962852389852, 0
-0.22283729751487114, 0.659098779556714, 0
-1.1709537075762846, 0.9842757033458978, 0
0.011287300432034186, 0.4195026348649157, 0
-1.5437147902152333, 0.8048577831154586, 0
-1.792604725085621, 0.6037278451455121, 0
-0.27443856972015745, 0.5169842187378488, 0
0.33118377920370934, -0.5290989273796768, 2
-0.3463412876416627, 0.689359750791926, 0
0.7493383563699065, -0.2990355442835202, 2
-1.2384022489248205, 1.0144468252018308, 0
2.374276017468245, -0.5205301009440091, 3
1.8181165138319513, 0.963010860718918, 2
1.0517942074877036, 0.02905777209735319, 2
2.8827420894986906, 0.186063178077449, 2
0.9128461646811499, 0.382091268880694, 2
3.5533028739878594, -0.3567171825643275, 3
3.9960503480559426, 0.6267529387694567, 3
2.2019590420359125, 0.061868115021153636, 3
4.0566321987325695, 0.45433815096304514, 3
3.9211235304658274, -0.06706070724054519, 3
1.3368316768479505, 0.7927470551337141, 2
2.8950196983879235, 0.12069614225693111, 2
1.0294959663739387, -0.02605154310497551, 2
2.734485963306353, -0.5675087083726986, 3
1.7269270996531887, 1.2002352714117772, 2
2.8368225535818334, -0.5288021098554095, 3
2.941515017682061, 0.6319547310987094, 2
1.604914439838106, 0.9681171011415086, 2
1.1291709841924134, 0.3863709348702349, 2
2.875320917097153, 0.5494732495872885, 2
2.5150475031631325, 0.8354602103902926, 2
2.4519595713515074, -0.29708704700316885, 3
2.159496397809905, -0.04718859789887521, 3
3.9778497425945805, 0.3606285741023194, 3
2.0903683261085213, 0.2002245589474024, 3
3.8822485810683918, 0.13446957606611434, 3
3.4592721490757894, -0.29791852460196394, 3
2.840874218920714, 0.5432330388480455, 2
3.015927785457954, 0.4134054863596715, 2
4.1363562901023645, 0.25250940230267355, 3
2.153823845881494, 0.9428173472283883, 2
2.1845107849754024, -0.056000465480637696, 3
2.3209654334967467, -0.10516830153655085, 3
3.8519345118144566, 0.020226766577731398, 3
3.4362336777924645, -0.3331690634840108, 3
1.775804185622635, 1.095495298074325, 2
2.440952497980273, 0.8350446376656565, 2
1.1534379130190537, 0.19865296830667076, 2
3.2286473915588396, -0.4302718700238293, 3
1.099879864558579, 0.5123527901338301, 2
1.2072144154348639, 0.5616080820071268, 2
3.1386552273816326, 0.15457537442104, 2
2.9579974509841644, -0.435613151695595, 3
3.0836849087357403, -0.6627489696906304, 3
3.9537901850293977, 0.35133754481276896, 3
3.5179656790019003, -0.4177481825298246, 3
2.0532744465775035, 0.959778787492418, 2
3.1095213468338043, -0.42260020823121, 3
3.8647931080019573, -0.03217132791979387, 3
2.4339971442788264, 0.9659814819792824, 2
1.8269997130854962, 1.0318802155403524, 2
3.0368474051693557, 0.6218031678959242, 2
1.1337731892612632, -0.03482739589399879, 2
1.0398092779760653, 0.06931716606273813, 2
2.2086008784445528, 0.8563712629042808, 2
1.3609999941473696, 0.7242382291025207, 2
1.8977334048451822, 0.32208894876722277, 3
2.6653240219166694, 0.555862188619641, 2
3.497895766541716, -0.47376136946667285, 3
2.854256191377595, -0.1791086842968293, 3
3.8681966283280476, -0.18077612171801805, 3
2.170260665264026, 0.9675477695692503, 2
1.773708293439851, 0.703678762246415, 2
3.9332033984872736, 0.2909683604504826, 3
2.7337536694950595, 0.7382638769405454, 2
3.735648682547944, 0.026250944700120245, 3
1.6953642923040657, 0.8910617547624933, 2
3.8047077766173536, -0.09650293108034676, 3
1.4814357328641863, 0.9126119476351013, 2
3.2235412142372812, -0.4318520760161176, 3
2.515161650275819, 0.8588454360509207, 2
1.1499463894451005, 0.32411013428462865, 2
3.013382653004372, -0.40430926826194286, 3
2.528014342924436, 0.7092307677076359, 2
2.443345146193005, -0.33156046014489965, 3
1.9323258309389642, 0.9602586877843228, 2
2.4271191238581284, -0.11537477340261926, 3
2.146840334364064, 0.45307757380256775, 3
2.7964463504480426, -0.5360713389677503, 3
1.9845285743918908, 0.29154578877276205, 3
3.051227694013662, -0.4753324593832805, 3
4.017567745227975, -0.026600394484145307, 3
2.948522590412849, 0.07605826952623064, 2
2.693418530425766, -0.6227396125445578, 3
2.8184059053587256, -0.6806480214606289, 3
2.7094188466100326, 0.44798398620882596, 2
2.0496178873933864, 0.15301448611092927, 3
1.8917161911250893, 1.0022876271009187, 2
1.8222824318486974, 0.4931856069626863, 3
2.1303980271780776, 0.3832437824237889, 3
2.002654799526889, 0.27998876340380524, 3
2.6012332307038193, -0.29504155484381556, 3
4.0883157675627935, 0.3197211808368607, 3
2.031648979248363, 0.07003037140867538, 3
3.0357705564029267, 0.16139270090336955, 2
1.7770586667391666, 1.0885435169590196, 2
2.853821160593769, 0.5495694289853498, 2
1.064111048633936, 0.538682488108851, 2
4.048030933906496, 0.16282036133681344, 3
2.1165255131854135, 1.025428537431245, 2
3.5155292716829876, -0.33910571158810404, 3
1.94558351594152, 0.11862272597379561, 3
2.9695982635244778, 0.3193680284162721, 2
2.4744535012922286, -0.3361812655074105, 3
2.978170086561755, -0.053211475870871036, 2
2.3807927647553484, -0.21204788627102916, 3
2.243413980714877, -0.11633294190881541, 3
2.1261671127005926, 0.3579503450649698, 3
3.4322021966787384, -0.5356229655156883, 3
2.2220543341353762, 0.9819458950986868, 2
1.1005816217579807, 0.43793195929183265, 2
2.0214170988657343, 1.065791627551775, 2
1.7938972852533541, 0.9872059099272472, 2
1.8087928763744028, 0.27804158055303363, 3
3.0465700873524373, -0.544340291169582, 3
3.0567748527838563, 0.121700030673241, 2
3.0130561541310996, -0.4744104139029591, 3
2.3115055143227545, 0.7597061339532234, 2
3.3155375319192677, -0.4218780884876186, 3
1.6537102958023624, 0.9221823154771118, 2
2.248570645048165, 1.0678893011181279, 2
1.7123494083761996, 0.7881916146666372, 2
3.699271720705037, -0.4196312521592981, 3
2.3590995669431503, 0.9282665826791096, 2
2.2970806480155566, -0.23891805100173272, 3
2.9928738271878617, 0.2570342299769547, 2
3.7046978361980996, -0.22973812427780968, 3
2.177948122940644, 0.930519213317453, 2
2.6983786080792616, -0.5528368496414067, 3
2.1672690358797633, 0.9435024430498665, 2
1.9305234799006201, 0.3422788521110839, 3
2.276230666963669, -0.0002667315143359966, 3
2.1067151810510993, 0.33774418286998914, 3
3.585662964471027, -0.4550074450133882, 3
2.2955706232637363, -0.26894466362662006, 3
2.5313005049778097, 0.7407181586256214, 2
1.6238191835760865, 0.9188132920915545, 2
2.147211526113468, -0.09898011718014273, 3
2.4317058006595733, 0.8163643271464126, 2
4.082166690232352, 0.06802017022471019, 3
2.827599804302514, 0.5628337127761994, 2
2.304046279571393, -0.19809423602296192, 3
1.0109560407867266, 0.3903108632489706, 2
3.9030687258787315, 0.25417885072926183, 3
3.0527402896280744, -0.6167039966872936, 3
3.051475847302652, 0.16443759268835612, 2
3.6039025649625858, -0.2316521867690869, 3
1.3336062775318434, 0.7199496368863775, 2
2.717563153411362, 0.663505739911926, 2
2.7620915585851162, 0.5231410612888402, 2
3.0677255081675723, -0.4622886724410572, 3
1.9154514834311942, 1.0104686987231057, 2
1.4514620477404865, 0.6645256925754822, 2
3.141840569665133, -0.49356327604114575, 3
1.7954007411060455, 0.346742111682988, 3
1.27558704861368, 0.6661797745699269, 2
2.0108293231608587, 0.8818610238589784, 2
3.892285140921777, 0.12675217847264722, 3
1.2838842461723443, 0.5241463610985596, 2
3.7114233558823377, -0.11770256435505069, 3
1.1344531004492557, 0.53804049613092, 2
2.5012078029331906, 0.6990954339847065, 2
1.6081628058983766, 0.9014659668164412, 2
3.1430415017512834, 0.13190556048234287, 2
2.8417970898602865, 0.3417979488875355, 2
1.1524762231784684, 0.3374772352131539, 2
3.6168070171487856, -0.27792340880273325, 3
1.5564232946287082, 0.7375487689574542, 2
1.5119696407275711, 0.8473076698084455, 2
1.7376713021408545, 0.9206259562193342, 2
2.8941950881901266, 0.8318971191629111, 2
1.9570856857175318, 0.48083953540586055, 3
3.4222908650915063, -0.6955188827482979, 3
1.2830507505582813, 0.6684452555773126, 2
4.088262175945483, 0.46578891881738105, 3
4.0364369436461125, 0.2628175988911931, 3
3.2571905446376075, -0.4357146903888293, 3
3.8000397837304534, 0.022201055955333768, 3
2.475042818348948, -0.3699975167887883, 3
2.4085608910754943, -0.25130691710247016, 3
1.5686522563222094, 0.9327250319910638, 2
3.7389543227971678, -0.33977751558943864, 3
2.2727943699712205, -0.3261440170002176, 3
1.0373548224066842, 0.6627737810851659, 2
3.4182775807694954, -0.3045184383146131, 3
2.721187272954346, 0.7461660332249826, 2
1.2479213974110972, 0.6517189140824976, 2
1.3966300481107043, 0.7881796786683536, 2
2.138601064422187, 0.06355808324242934, 3
2.6327013176135265, 0.8424364476538103, 2
4.143850233286576, 0.3726715185422842, 3
2.131922206212283, 0.372428829904907, 3
2.6287139497939136, -0.37514497859819756, 3
1.4313535012099081, 0.754491762370976, 2
2.678391212496542, 1.0049589423893166, 2
1.1716431782514236, 0.4699741212414585, 2
3.077837488071329, -0.5549390060345677, 3
1.8237564802195005, 0.9045940146079472, 2
0.9943556152089339, 0.028017457954618588, 2
0.9164318133828633, 0.34806044120421664, 2
2.5033269945920598, 0.7867779051107173, 2
2.4694881987896498, 0.8580781910840403, 2
2.942742945245075, -0.5255802913833699, 3
1.1077111442983745, 0.20196475101091962, 2
2.9017156017342853, -0.5419308994682734, 3
1.2981429335917969, 0.5855227973435148, 2
3.280240786296656, -0.22435191453441083, 3
3.7361712174911803, -0.35642884235115524, 3
2.3533366987932256, -0.39871051725650997, 3
3.8686924003374576, 0.5668155915013733, 3
1.9812344104327269, 1.0653021353867935, 2
1.101073206237502, 0.6928479190934911, 2
3.507588615266971, -0.1552472116543393, 3
2.459157937485298, -0.2510872326160572, 3
2.010607591515581, 0.251692634707413, 3
1.8994387024088462, 1.130456151749479, 2
2.3664862245345235, 1.054446948225644, 2
3.273628761886231, -0.39205113460442925, 3
2.2289739341100963, 0.8341049829707714, 2
2.93592440916515, -0.7374862777869657, 3
3.182544746675362, -0.5090810184401304, 3
2.909322355714978, 0.11883268597206265, 2
2.628104695046696, -0.4118463997914379, 3
2.5493766470678834, 0.8955675881537206, 2
2.838147159793855, 0.5571461740678377, 2
1.758819983748819, 0.8311459678302581, 2
1.0157411167939543, 0.07782871568833011, 2
1.7328285483206165, 0.7920690330505302, 2
2.2321762953056243, -0.12714643219203864, 3
2.682024573112505, -0.2712122106157509, 3
2.8360550590810467, 0.8032393391192054, 2
3.899073811481267, 0.2750110062129347, 3
3.8618528561551027, -0.037377375901743004, 3
2.6066434705490407, -0.30049416001679635, 3
3.780338855986334, -0.03711656230043461, 3
2.5578929861474804, 0.6330342490456473, 2
2.6728746050244223, 0.5633019912583749, 2
3.0763655039372226, -0.0030570497434988797, 2
2.1063604717429185, 0.025952351704205193, 3
3.5884789317443975, -0.3858098366968097, 3
2.7034713205217336, 0.6837060322578128, 2
2.111284192801048, 0.14774597475571433, 3
1.7514427710543978, 0.9068478782118615, 2
2.9251759710415244, -0.5427011226162499, 3
2.1046032430379666, 0.43185208546755827, 3
1.0377941882471386, 0.16035899367758538, 2
2.5137189812997676, -0.4793673331578291, 3
2.5362625134064984, 0.7717682538512041, 2
2.1656079250579654, -0.14280319585162032, 3
2.240864739137262, 0.924998097376946, 2
2.289074648642158, 0.13876947638747308, 3
1.1682623439192719, 0.23281511855071035, 2
1.2605363132363856, 0.6034504134930071, 2
2.13497718243323, 1.050420346877419, 2
2.2252856808918926, 0.955729409845389, 2
1.4549698419103718, 0.7054135531604985, 2
2.979994783195851, 0.116312592349276, 2
2.687357515142421, 0.7640107941518943, 2
3.495226380404856, -0.4934279089823268, 3
2.4948540660239367, 0.7516569135420238, 2
0.9949353105227376, -0.05192070062435514, 2
1.3809748735580611, 0.6452277624826674, 2
0.9290570723029108, -0.025530103336385786, 2
4.002283795302043, -0.026139855643926388, 3
0.7638877819759675, 0.13367585531211407, 2
2.2329374678149274, -0.12079774966924035, 3
2.8731161201207076, 0.4924459207866038, 2
0.9493822190190297, 0.07284570285898126, 2
1.2551678098563568, 0.63394231035408, 2
3.7753480645085133, 0.42303801112007916, 3
1.1343277619471936, 0.49859860284617297, 2
3.5709163298059616, -0.35557449013848036, 3
3.4514619772711272, -0.2738974045948103, 3
3.934206092900264, 0.24845051079023853, 3
3.9369050023094543, -0.09279520221002162, 3
2.6702342040109768, -0.37631976043885823, 3
1.0947865363952305, 0.5046653477269027, 2
2.750514486927411, -0.5900331856799137, 3
2.3435337276979507, -0.278759499563232, 3
4.172267396987618, 0.29732552640840876, 3
2.262802701316567, -0.10012811641252944, 3
3.7115891972885313, 0.13151455230778675, 3
2.9359080087839997, 0.5706035038477026, 2
3.7895026138051042, -0.038158450763906976, 3
2.9390240688364226, 0.07418032656482033, 2
3.0324722536455435, -0.4787401090295052, 3
2.0186720966497114, 0.5826824182940338, 3
3.7639798314853214, -0.15230703357877232, 3
3.9549824768809767, 0.07473970376028496, 3
3.0487574711408607, 0.26895514060516673, 2
3.1842125655437234, -0.6816634669934237, 3
2.9769244713572474, 0.4489358820781304, 2
1.1378562109946035, 0.5583512702615372, 2
3.769685713306465, -0.21773570333093412, 3
1.3876652176197477, 0.9280591324223401, 2
2.6037886958029306, -0.5162116572622018, 3
2.3853599894199546, -0.34394087683453906, 3
2.7380008866542926, 0.4473366489727949, 2
2.41307169711446, 1.094359912753269, 2
1.3705298408180344, 0.7552771285143657, 2
