x1 x2 x3 x4 x5
-3.24992278222978 9.25502115444923 -1.34629652884751 -0.398296696784647 -0.803829093668563
1.77520576410828 5.60060943233812 -1.11200299377431 -0.622509031032836 1.77905011786245
5.38962172302933 3.3126267846319 1.19820033076027 -1.05291614161568 -9.44886308082514
-4.97759876290276 6.76527708192534 2.50542239894062 0.513684622821531 -3.45158692311972
-0.225099344397429 4.70502474871421 4.1852442965209 0.77457400210946 -8.26551739243788
1.56847760965943 3.16725258008667 4.54689601468012 -0.786637935860148 1.46673713666808
-6.97522436250386 4.57445840005634 3.84815865361598 0.327628849440167 -2.79394934950184
2.36177726093576 1.48204144089191 4.6284472309312 -0.266520945552629 2.26621269108083
0.438187903114936 -0.179751704806758 4.2845114306024 -0.517369556938346 3.10518003083138
-6.93327720409437 4.42724761005226 1.09898520234564 1.63554557202 0.505290582661443
-0.297382830457308 6.10674891960375 3.85213369377111 0.480494436250567 -5.54718777023209
-7.82103786407923 5.55695417062621 3.40731495719175 0.663205314384328 -1.39418889760079
-0.461130080259713 7.16302086621369 -0.776906969326491 -0.19148794620323 -8.12597570857846
-0.752787740160009 -0.0486921950086447 -2.64878279925821 -2.13266855389817 -4.63659188438941
0.831156248584481 0.80237270915621 2.08899993453486 -2.10327464147105 1.31471188885078
-6.52186014161989 7.2221469819506 1.95506636642169 1.94359040350713 -0.851956637369882
-10.850749034523 5.52422936082047 5.27645318860488 2.30497846586404 -0.772632284844145
-8.90608304896629 4.17222804781941 0.672707560479502 0.56558504326605 -0.493410374194117
3.55772579171336 1.46974023686455 5.81358855388144 -4.58317882699422 -10.4475613722612
-1.09830459511475 4.0478696169895 6.10675111591909 0.227519568558348 1.2118714955341
5.27597270564013 1.36762667340633 9.80659848752411 1.7343564671035 5.60869704064195
-7.97814550132138 3.58081880634747 2.46026436441234 1.58607721849344 -2.68662505971744
2.39084619291296 2.09251630899092 4.90102076446756 0.533827044801797 1.87404655308666
-4.0510181950318 -4.81256252495846 -4.48565329997147 -5.18343838988139 -0.940664783734344
-6.20056346214727 8.05421113163593 3.26403423880342 0.0605258017775927 -1.60113565422305
-7.52124562260253 8.22972653011715 1.29382662793505 0.869119745594658 -2.32827576943257
2.95265533799812 1.87125025192887 4.06744844050894 -2.1427990987712 2.5105567170657
-2.15202855838378 1.79983494717379 2.44116372736543 0.895379168083337 4.29960462666313
0.550257077050358 0.337231938848561 2.77659035786784 3.98379602567295 -7.62477386990682
-5.78277934631089 -3.46563545425931 -1.19591549870225 -1.71945112335729 -4.08265322572842
1.24289543791636 2.57593454737716 6.04084225472879 0.303405689538208 3.91475717023407
-3.81022062558737 2.70195675702553 -1.30996234275724 -1.88481414743576 -4.70722462037865
-0.813185873538472 7.25809755879651 -1.27981637042244 1.09515350561928 -3.62315747374937
3.16416585204846 5.87434379906029 2.16464369290156 0.397721061697137 -11.7917590593727
7.82896491200827 5.02793045338719 -3.88281611091532 4.42837064555868 -6.99332181303785
4.03834174258846 0.0370289711000391 -0.817546359819045 -2.91172404788545 1.22644749133962
-1.03258931747502 0.0443927650644218 7.13413753066976 0.0363752795869245 1.27647085238791
-5.24550584276685 6.61286331610008 2.62335369958419 1.28733451724404 1.1542468832414
-3.23202758833937 -0.387983418445439 -2.52035974558189 -2.95516034791894 -2.2216337100162
3.50173754140623 4.77813270382424 -5.6273237229274 -0.970231395727217 0.84409287843259
1.20576497263395 0.746473147702187 2.69624560004087 1.21638821857712 -8.26277467815903
-11.0266909391353 5.79622323448351 2.48545630522442 0.978039646880387 -1.5835997129471
1.60061734697913 7.66003436580188 -6.42758782765631 2.81987566032482 -1.14824256622468
-7.69319754181866 11.2934607365887 3.84576964065251 -1.9513982906301 -1.79265125628752
-3.377810254456 6.3631773648491 1.06902969548311 -1.91940114278037 -9.27757530528654
-9.71544340708894 1.47016787041889 2.49230876989424 2.46660134361556 -2.61623734639939
-0.152080686113547 3.07079141469919 2.76408136658608 -1.65517062497946 -5.69245360552599
4.90557111939634 3.2345070672995 5.92038435119639 1.80160239592732 -3.96158373130276
3.88770020362464 1.86302747991255 6.96530031349661 2.46844999900749 0.575293910781577
0.743591094688824 1.98495128588045 8.45142391263635 -0.836442352778064 -4.58510636776914
0.802084899529385 2.30422226089362 4.62657105732418 0.699994073936963 -1.81785036204849
0.0684807000146985 5.76897300067395 3.36171051349655 -0.660879802658868 -8.98903150111009
6.72590363908376 3.52533676468951 1.9365293212597 -0.836906808448581 -1.95046276091051
2.85804294818967 2.0075955041384 1.47519011150136 1.45482429676426 -11.6544915393576
-4.32277413021368 5.88251355541034 1.62654336203153 1.67685196624528 -10.2553719917953
-7.637371346034 11.1867278249111 2.57020370055377 0.526668941579291 -3.54508892891802
3.89137083742316 2.90019837791627 4.85509956576026 -1.19894666355641 0.986320292215204
1.28477991792389 0.190049615069773 2.78560742969454 2.48613126784102 3.19513442804003
-7.01164599303302 5.6705218016747 1.37113198214065 -1.61548203379359 -4.44868059102248
-0.852383225154469 6.14764745127329 5.87540600884237 -2.85023279050922 -12.7763493792231
-0.608136993693198 1.51910678451612 2.41657000967185 -1.86490059691286 4.0836368263952
-7.18452871014776 8.09454166278184 4.22958305390867 2.59436652341726 -4.43224496969221
0.258876410514774 2.08023030484824 1.96300333409941 -1.42812085941097 4.7126799037201
-8.72196687950776 4.68149276032419 3.37904884306177 3.69702031786892 -0.941140016670375
2.96704415398991 -1.53659968483144 -1.69807853579821 2.86180616548173 -3.55577192170119
-5.83292890276515 5.57985622978994 5.96856587194515 0.693836960194482 -2.07727941720484
1.14449308871854 4.84319545093591 -4.78629194728735 -0.717353498839068 -6.56334893953607
1.49866312206673 2.66446372299209 2.7327086100613 1.21561128733185 8.41944007240894
3.3369360394564 2.70070734618623 3.66770448871812 1.2818490753403 1.53109548601442
4.55678158441473 7.50011957959424 -4.70432831960744 2.93155791485255 -5.6479128412768
0.596061275327608 0.863857377709664 6.2918626879426 -1.05144620681023 0.057366206893585
0.469585252481074 5.53483968232216 -1.07548141929421 0.615942723864608 -5.92113660761669
-7.1858427292763 2.98225511663929 1.63262567408525 -1.05205124817832 -2.85139065007909
1.20846556241907 0.787518811604271 3.84122168974113 2.35298114810623 -7.28880098160003
-5.46167995973132 9.60715327452892 0.362588105519067 0.834699767502145 -5.15656547792985
-6.05716180786056 1.45796313288644 2.42990886121825 0.740739416785918 -3.40230689475947
-1.22950177211993 0.0880762090049378 3.76855381147038 -1.91024946142997 3.4273113007083
-5.28374793104034 -1.27387323866198 -2.82832779920386 -1.04529455197638 -6.402148541062
-4.74446145189686 6.19773769830722 0.352415992998907 -1.38407339817707 -0.123909577460964
0.6674382807157 1.15012476468315 2.88039373133318 4.53426977531648 -5.81075552168915
3.71389287547432 0.506471658991154 2.08795015141645 4.30631964600301 -5.00962303372619
0.285323600003662 1.73846814069369 10.9497476257055 -4.40833208335792 -11.7702602888742
2.4404035407258 2.17796503566788 -1.45985874420512 2.5018319704181 -5.42440691766647
-6.83115907378363 4.56750784324997 2.27943505968751 -2.82088719686361 -3.59705245411463
-8.93795740850307 3.87791548841744 2.50603801517311 0.787454337220882 1.02429208187299
-0.296005194290571 4.02226867174456 4.0494400403871 1.26934632364948 -8.0588250582823
-6.11783621497956 3.89925762386061 1.99826698910436 -0.273297747564673 -2.03834080742154
2.91480909494015 -0.0188050789204626 2.62055382708184 -3.92960537563975 1.21144494922957
0.666369328773095 6.62787917546448 4.28214204540683 1.60667756892076 -8.419464088113
3.90664392267431 2.27492795755991 0.0570054612527284 2.0212017499501 -6.91310527236843
-4.66823751199782 5.26546443592192 4.29566849069454 -1.25190180212132 -4.26077297184878
5.31868519136948 1.96985128624237 -0.130856113263468 1.40079070854855 5.19977859464636
3.51649248249807 4.74418100376525 2.65486010015092 -4.48581824356866 -7.5869076764004
-5.65072195786345 -0.340094499225603 -3.00528854511233 0.226124566115267 -5.80520106508057
-4.87623001669859 7.7922005262495 4.9777343317144 -1.4758393740743 -2.32681084406701
3.97368662013138 2.08774654685736 3.06904238759529 1.33848991486827 1.51120437006197
1.6475204686612 2.97632715488065 2.36425353723105 2.25605867247209 3.0194956226011
-1.18153108715444 4.63001813566616 8.07130966901932 1.15046537479377 0.705530676205556
2.89003711727882 3.18102604554172 5.42250002885345 1.78093563449406 4.02399511396964
-0.670034492031466 3.03321033326387 3.1968696537507 1.4642943886072 4.39065336202936
2.58410483733158 1.13915161033929 10.0125550969368 2.66101545112768 -0.760501511833894
-11.526820489298 9.79618237940434 5.23072806618931 -1.74635911867852 -1.23660415216619
2.70417112413131 4.90186103128733 -1.65878903126718 2.4462143690279 -9.02980171027527
-6.97079545221494 5.58124146024171 3.16363279996763 0.741990441384581 1.36601187720897
-7.01472398305978 2.7238874470588 1.15393199687253 0.71795188018895 0.133143750533938
-4.88564118129574 5.60784226868759 -1.38878547218336 1.09882133444467 -0.136630043727182
1.08002494197083 6.2352155336666 4.08588000951516 -3.52178813043353 -7.98303748757061
0.200635468902249 6.32850010980766 0.757375661268095 2.46501359728135 -7.08861387798469
-1.4631265181799 1.49408323663841 1.22897558016315 1.79475042799062 -6.47774575810215
1.99057161692697 1.14643498263264 9.07424796003284 -0.395794136424642 1.61564968350607
4.04879419862763 1.37627805774703 4.67466414106334 2.58472300184143 -8.66640388561874
-1.49777861928185 0.811774633843704 -0.190364622336443 -0.584848074579541 -2.83694822579012
0.949693052045573 5.83794437908668 2.58446212993845 1.81895172024725 2.79007093555552
2.71287075256492 2.55355908253617 -2.9847664845507 1.11866185438637 3.94418052571567
-0.24746361962927 8.93734072866363 2.00991841487964 3.46904283700316 -2.98463859989903
-1.98038405553187 3.83434430064256 1.826827582836 1.5568289014686 0.564924278896837
-3.51351009226545 9.42304567694782 6.03272265087887 2.32220578660035 -4.22683167492703
3.40290611489932 9.46791377286362 -9.09049406706054 -1.91716707036068 -2.74805377700116
1.75147258200804 -2.79796345246551 -4.42761699787736 -1.93165954004492 -0.105533134259621
-8.72883691001346 4.36443944985548 0.0206066827766946 1.84843053434441 -3.69981292946361
0.931404672775455 5.09845393125591 -2.28819235878081 2.14298119107073 -5.12263984922978
-9.30435882805331 3.20693323551644 3.2704575312856 3.36406782274882 -3.04289319945037
0.628508807529178 6.01168053946047 -4.56876497831715 2.92491013448917 -0.904749267030262
-8.39039962971529 4.52128298737558 3.55594358581042 2.98987615480736 0.69216175600048
-0.144591879022196 5.12692301968241 -0.843342368338688 -0.494822665565296 -8.64167057268961
-9.28220325009245 4.28964522053239 0.674232947004591 1.62345712203399 -2.81409013076308
-10.2566067117616 5.05904285632382 5.83451014941101 3.48863336526614 -1.12523150388805
0.439454879938675 8.65883823794693 0.921551488204263 -1.66423856400013 -5.71363166805773
-2.71372371876487 -1.64682341063777 -3.30641321161365 1.05629021939673 -0.993719615993149
2.99986897786428 0.332702275146015 0.0288681532694297 3.5759673379762 -6.95199513658718
-2.87678747091237 5.91271901515458 6.23082213499183 4.76225362034527 -9.98228699913656
-8.94863066728645 9.54686558718707 -0.990893223067463 -1.72767383774967 0.430247284447735
3.29046586030539 3.00988513596488 4.40756278720225 1.13011631750208 4.05789156718724
3.70404701548521 0.716441746670889 4.28281092610821 0.50740296921887 2.85991967764711
-7.80361375646508 3.02036134093711 2.54032344632803 1.34841857410445 -2.01926553952567
0.819129180020188 -1.66268099758511 5.00883375824454 -1.57770228669913 4.43268744169412
-3.70335098396046 -1.40380153599495 5.73431282552423 0.334135432236875 -10.3630371393916
-4.76495980262248 2.88681347764302 4.46173181689814 1.44765750883681 -4.21137078559662
-7.87931373097073 1.84091769830455 3.61065156908168 -0.433486505636244 -4.33335815609738
-10.5961307727154 5.2642329104924 3.51280695909014 0.902331557898812 0.830611238723567
7.20212144300883 7.50628359646765 -0.84298537931694 -0.191232833850584 -8.69457775084411
-5.73336353297739 5.20061704364974 3.0103263151749 1.13548480217805 -2.05287063434312
3.89663233696979 10.5938287763248 1.23144963633374 -4.68080025448434 -5.49163311518704
2.90500009106915 1.27145905791778 5.06242419494388 -2.92477762864424 1.34786862222571
-0.0129222262064044 -3.94113277081543 -2.91118817523675 -2.04047254758817 0.0240250991717277
5.92261053952398 -1.59083531882377 4.56548839978666 -1.78430272408601 3.0212331387606
1.18339703670731 5.11874264128417 4.48179261950996 1.01019001783307 1.37486187654789
-6.23809239583637 4.74481828267179 1.33648883457268 -0.576310094230132 -5.01742338508512
-7.07238529075455 6.47455801090669 5.13924558093159 -1.16706343680623 0.587977863335361
-7.92094108889342 2.80916061042483 -0.596200098105721 2.10396667804327 -1.7578362366267
-7.39338245875834 3.1146490362586 -0.783748614761665 1.32898637647048 -0.970690142752858
1.34527475678528 -0.391567243025257 -2.80546812330692 5.89801662701131 -5.81590505507929
1.79785356478533 2.35652055821788 5.78038655403995 1.96495915352413 0.118739881703796
-6.59499379750484 5.18719077540585 1.68373401353631 1.69054881019829 -3.03756613669627
1.85257376739386 1.90661291910509 -2.31752164144951 1.36687675621388 -5.64128882765736
4.11401136682861 1.56011798030275 1.78150878332928 -0.408528373702308 -12.2408821178312
-3.5249376964652 3.57334159711047 -2.32903848109659 4.5130419292846 -6.32809935099251
4.66117397855108 2.29695502994687 5.58201202832799 3.44928551500484 3.0000233091767
-7.31358793482006 5.59691727124571 3.37631003177816 1.46834284963735 -1.86486308886291
0.0253902016063789 2.29880223079668 5.21293097827372 2.19139048720982 4.40608874519551
1.17329990424427 2.59290131970332 5.18232009849158 -1.02716795343855 -0.26061336443702
-4.29159084353342 -4.05828866311538 -4.41092452439209 3.48682252290403 1.03464360458884
-8.57810237031292 4.48384087584859 1.91304320171528 2.7521450706895 -2.94017627464929
7.54553085819648 1.96974400540241 1.22609063584796 0.918555761987987 -2.25914266612029
-6.17386171353806 1.68012130265282 -5.39351298320445 -0.566859035106593 -5.92537808532525
-0.752393501162833 -2.8474877744066 -3.58057031081388 -1.13332020201863 -5.37443805060124
2.88945242330434 1.0986156809735 5.56777062114937 3.301177459506 4.34473176715281
-7.40755065913723 4.60656484455406 0.0983206595505264 1.05533659902896 0.179323304878608
0.557028309370011 6.36768111125995 4.20334937569506 -0.539983635440474 -4.28896392721027
-1.92413283929885 3.47325323292645 2.2438019566506 1.99486749785346 -8.36095466304424
-5.22579790840819 2.51984609656319 4.99644161047169 -1.90057559493674 -9.31390677795853
-6.4508568399967 8.6237261279275 5.69510719435907 -0.916233577527335 -3.21306850299972
-4.91940981801346 4.56527384101121 5.00147123406422 -1.01451069875349 0.390230018218814
-8.19410315681203 4.53352679496678 3.63321417608794 -1.51546738157214 0.643840398888972
-5.84893804518464 -3.93944540120947 -9.3149035643514 3.05920671259655 -8.39284322129796
4.96386244417923 2.91520862534075 7.96306334496939 -0.279621230321265 -8.9024750998946
5.25110357585922 -3.94117656269008 6.78200559948971 -0.225537849965554 1.47928147020026
0.123971187150857 -3.84530574226906 -8.61089246013006 -1.70228620939487 -2.82062576512664
0.279473986773254 7.80790758972691 -4.54681763590333 1.06168254034143 -4.1445320209586
-1.59914301165337 5.58707548865952 -2.62147651273408 -0.270927708293897 -0.529506563077056
0.383253117982466 1.70426580540144 3.38388652995855 0.0532896827806065 3.88032282067336
1.98701293579635 10.055602672133 0.691339417348115 5.40802173998218 -8.1397347906498
2.79092606423968 3.53555745034135 6.71831862064396 4.2177486960712 2.5621217557488
-10.8266460867639 0.904582250645499 2.30955288142416 -1.35107341471798 -3.72703444563318
-0.46048621512743 6.88538371343386 1.62109114821247 -0.420962164899137 -7.14300666136348
-7.9269215849151 5.32886057906243 3.90677390959727 2.20547210078338 1.5563988361923
-1.80829734772097 -3.04396478179689 -3.83740261197487 -0.703015434949374 -1.46495703525369
1.60735219583351 2.71368294681352 -0.525977728127058 1.76500467532679 -9.67844971307136
1.78920109512848 4.59311621936553 2.97210195461956 1.41732040165673 4.08461053600776
0.651519180013757 4.89859551700602 2.4620445451178 -2.11042207754161 -11.5760207826686
1.85894907350712 7.21890846154912 -1.50162493053138 3.3331603872419 -3.83582715255025
-12.9580448304887 2.18557551040241 1.9258169969683 3.72638542845952 -1.65192349158611
-8.70097129854131 5.72107488901996 4.18889746865929 0.878751584221798 -3.45463936830077
-6.79732091281603 5.34015483012604 1.11004235324954 -0.203102390620007 -2.11874716258014
1.30397198722811 1.74026147608107 2.896412807713 -0.115519596010366 4.28542892175331
5.62263125215729 0.286019286773266 4.74923710917653 -0.191507447404881 -0.0497951831867964
2.15427464415493 4.57222086582731 -1.28665649170941 -2.52249861386004 -6.57263876428442
5.39302155372121 1.7726456655328 2.45070387569561 2.63521130387291 0.287517535768802
-8.59687610155286 8.33426826529542 2.48579271553807 -1.73223791472034 -2.28202914393506
0.260142227307102 4.91433171504345 -0.544378351608744 -0.868361277681186 -8.18652163543658
-3.38541760655111 1.45865582643896 -1.44880785257003 -1.37480948507271 -4.13321352250968
-7.14999568781782 2.4005566632234 1.20071147653118 -0.405476597546846 -0.93197940584501
0.40233817397721 3.83782917562478 3.04791958475219 0.00353219487306033 0.116104002943106
-0.593589731166777 4.85537506860522 6.89242896448098 2.72241174969458 5.18821282686595
1.09175241049822 5.44841060243139 1.17130059638157 -0.730196976876579 -1.61136838269812
1.99230618095701 0.41557128653734 4.65069799066764 0.396111228387237 0.798494139545052
-1.76388987092967 -1.82589345118193 -2.32706562496335 -0.440627067846205 0.995979993538768
-0.443454263845811 0.246275645282239 3.33515744184695 0.677433839360397 -6.54285204532856
3.60863339749044 1.06777602140043 7.11001276357886 1.99620449334989 2.39068962818043
2.35748960268812 8.58717478391314 -2.87850475270823 -2.92385798992304 -7.64774332661668
-9.34070432219171 6.11831993164262 4.72908704437809 -0.200014389169696 -0.528156106181108
1.18612532436709 4.05503483999242 -2.91298442651107 3.04589038997239 -7.9352471044056
1.11921345324693 6.30761524187086 -4.11239969859025 0.87903668604483 3.04686506027439
1.80738624368306 3.34856616556605 3.34011881752679 -0.600288122098146 2.03027286492838
0.29341405251395 4.51930860756409 5.66612242042638 -0.762437651802927 -1.29588703115747
4.01997146789871 0.0844324670315282 6.54370620881495 1.25337100996752 3.07015756021142
-0.594911834068946 4.11684453985496 6.2932819905669 3.37829879069808 4.49150208701963
2.10583104913161 0.981123351236992 6.15850895643045 0.911419015654964 -1.45566625436419
-1.79593282538311 3.01819614259731 3.92418010661033 2.30233252441807 5.92839092525229
2.60244018374595 4.54844686984863 -3.06136894917852 -0.257877610626142 -1.44366220441053
0.198154282002079 2.48366816129231 3.2622580980592 1.33782641338577 0.980061450342815
6.81726969725228 2.86746191922843 -1.06399191720635 4.20278134322269 -11.2420159866542
-5.64941606825104 3.32449704339664 -1.8725425411719 -1.79681854707664 -1.17615249640223
-3.67922334122016 0.272572919143378 8.49132884116801 0.553100078749343 2.90612171819407
3.14167561605541 -0.428232952533815 0.892262091209469 -2.03832411885932 4.32825845700398
-4.70228490230126 6.36045642142095 5.03583809098135 0.481150648725806 -1.53408440557675
-1.14130377991694 3.61136886141925 5.47494911444713 1.00739932728101 2.38958536052315
1.73588533375961 8.64122069031687 -7.36390436018719 0.429489500582988 -1.37304538057794
-0.383431342135787 2.85696501218503 1.17639834812616 0.12995246431242 0.20187740771962
-0.449115246129982 2.44982650536136 0.586136156264788 1.61479636614726 2.67973602259072
5.41753824470323 3.37943092800749 2.97250509449174 2.61582203841272 2.50013506065577
-0.591220458347331 2.52637135736786 5.72013700857312 3.37569407767284 3.74628127822786
1.89672064937922 3.18039444612499 3.72422638223169 -0.43054548213239 -5.73247731994856
-1.00700459069949 2.33912909221051 5.88622715090314 -2.07054311916635 1.5935074625308
-1.88262419007318 2.38404890570484 4.32819933091837 -1.44266116438922 2.68661381060883
-8.11057620216852 3.97936743141082 -3.55872690555584 2.82478359545367 -3.75361525720601
-7.48241745492209 8.06458580727065 2.30644735839671 0.0171870214104682 -1.86754508225795
7.74942021687533 2.08556125950978 4.54848209047585 2.3224219869182 1.3283931110613
-7.95243095691156 7.97054433998614 3.02451106899149 0.36406474983437 -2.23315403146961
-5.18269635599081 8.11547720386379 2.44181835104686 0.479209354309631 -2.13133032573358
5.95596341154257 -1.61138878730065 5.08868830678988 -0.213635392211407 1.63726371899967
-7.51708575997394 1.41132995538906 1.4872870969222 2.26851525076899 -0.465500712846472
-0.188653013009249 10.1200929813818 -0.672064634842163 2.14345671999853 -1.25905424663322
0.513597039728004 0.127689031918503 1.63600823661234 1.30467147596849 -7.62413050235416
-1.09602653521346 13.8134261168476 -8.84180337932179 0.684721721654015 0.501679534000551
-2.82458303977047 5.62964334819022 3.25846426019945 -0.0824534647810862 -3.44230047237024
3.57847021967461 0.751928962249425 6.72700559458336 -2.29239440006846 -0.563965284216332
9.03654184203073 -0.524791090123474 4.17128795336081 -2.49702188836352 8.57953427234089
-5.46120591082456 4.9345845872228 3.96387435088092 0.86555631097737 -4.06488473203489
-12.0159561463817 3.11936270940979 3.08054168350599 -1.45945358073812 1.04119551185962
2.51552713985094 5.08584104941615 7.49995467915797 -0.140561339105497 -13.0794474403099
-0.0899486381065944 7.28237263603051 3.00745559353866 -0.549814523134868 -9.284246482691
-1.89234423571242 -6.31873345721337 -6.68315877210647 2.98366704879016 -1.49169358893794
2.17660928136186 5.97143070447312 -1.51716631751323 2.93401229759088 -7.23152899714466
6.47765528491593 0.379749147642658 1.38315608508653 1.82153179831042 -0.148811125822711
2.60341146611927 4.16988795196423 2.69841864658223 -1.22013738699356 2.30634137957969
-1.6004494508349 3.38619209486633 0.794906203555715 2.7021434724956 -8.33915195965671
-2.92024284311414 15.7353213003687 -7.01120874962153 -1.48354647106795 0.832330123185863
-9.26883802326613 2.64112646967554 -2.18259797469364 0.835311868029259 0.197075302609769
-4.47483647814901 1.20103826245622 -2.30850557664221 -3.39056266976355 -4.12487859454094
2.10105146304124 7.26031866789247 -0.260580288364221 0.416653317670667 -3.51058772678043
-0.32261489785547 1.74372949618969 4.96736639737578 0.887250780458787 -8.68300450135897
3.56686380875909 5.63990846953154 5.54117067595218 -3.58524042355823 -6.32973341921059
1.38734563193975 0.723692571468854 3.88443715065629 -0.124863303851115 2.23124920413551
4.60043824091299 3.38064381460614 6.50486004672914 0.608939497797421 0.777805539695854
0.207373539786836 1.49805986188475 6.96892204187719 0.906339983450137 0.720458948787446
-1.35440559815107 -0.164176307096656 -6.14992708751736 -6.04553272305081 -2.52642359618543
4.89732872135275 4.65204041169888 1.27703918319961 -1.35235613670321 -8.81063772095067
-6.18070926646332 2.02871194498629 1.25593956768662 3.18148542809395 -1.05619359632712
-0.766359532535784 6.1181334508166 0.673158094618579 0.180321022819284 -7.11450686050134
3.98473440168396 7.22817135543029 0.44841082236742 1.66215946685809 -1.80073202001166
0.0836797507796933 8.07268995812833 -2.92337897564257 -1.05962108496872 0.476600823452978
2.08609353280951 -5.20523868879581 -8.07674634286433 0.603129920826208 -1.99645450848881
3.97458430939637 3.67893566836859 4.13155192658786 2.09441893889814 -10.7042819174
-1.83394430398518 11.5810617308594 -6.02511863506068 0.853630133026794 -1.33675226480305
4.67565188217448 1.31614881488725 4.83721296567042 3.6705915307706 4.13223566312281
-1.59659561449998 -2.34007402346899 -5.26249571420919 2.00506978351574 -8.93607747179603
-2.60166778018123 6.60426996978568 1.36937285765383 0.62557028586897 -9.45239014471072
-0.556259987067612 4.16266535161834 2.32023601168584 -2.12828698140625 -0.204089076831858
-1.2519035544002 10.8061382243843 -1.95275899384254 -1.03689349004305 -0.790077742840177
1.28767992917452 5.66132295807371 -0.119473732936659 0.486381867370529 -7.84124547498862
0.973292142836989 1.86727514028517 8.30192364733936 -1.34891049164825 -0.437102179706922
2.40660164254602 1.5865420575957 5.085621224609 -0.48057897138748 4.43507408243195
0.506562442091418 -2.89124891643409 -5.89812802679245 0.675659985195525 -1.37290834425882
4.45724594578393 1.78771720277476 6.90704506627395 2.04326335243062 3.88732772315495
-4.97386370739813 -5.00709547789811 -2.62676357064076 -1.00769931771903 3.1700731923208
1.7357593120971 4.13121244787857 2.67896924288734 -0.077755387679725 -0.170938015995792
0.444822508203592 -4.83990937344483 -4.00087205944446 -1.44506095607293 -5.74794489560413
-3.55494332238626 -3.92373656578847 -5.73536337919873 -1.96430525978411 1.2389857442848
1.41300247924646 -3.03960267371403 1.52684681422275 1.52550525929149 -2.40315218280489
-7.43125530074408 10.4999499940928 3.30748307302572 -0.725088825680595 -0.954000201228725
-1.99138776370662 -0.946429210744654 -5.58361179615585 1.03731416620737 -1.31478942163141
-4.53559432161032 -1.52893002208761 -5.26268378369599 -1.70538153858173 1.06471230885945
3.1143408277415 2.49437429693379 2.12918875651529 0.222642816508548 3.03879363988007
8.04609658536865 4.60207067522689 0.784844332564428 3.8386302745606 0.619170307752901
-7.4430044498839 0.846268391777318 2.63447351001839 -0.0682827872350168 -1.46907651313481
-11.1432633403281 5.54550124161233 2.68186829905385 -0.520507330511802 -0.880530788008385
-8.60412694065609 5.099714497499 2.38427990583447 -1.56227640235137 -3.19732163358676
5.06531075061753 1.39567157588848 -1.73190469857813 0.660627310321053 -2.07365265577023
1.16402645946874 -5.22118821378917 -4.16203705838129 -8.79650999508816 -4.74579709869206
0.239605437827957 3.63601018484915 -0.629262421359204 4.94402734549081 -2.70961032693869
1.70747583905287 -0.43015896493555 5.63513684742219 -0.329301642914502 3.33586134674674
-4.11183676651272 5.38001436633446 0.991025339255906 1.34694568693804 -3.73622737690263
-2.20382756987007 -5.06580123090326 1.12080593085047 5.86078696056001 1.34017609720762
-1.23140330282334 11.7709447571433 2.93346263744935 -0.930800002953999 -8.12141935694782
-7.29175402681073 2.03295648730571 -1.08620876175893 3.27451718898248 -0.856212127310636
-2.59162521119947 11.2219212711392 -7.31516905411649 -0.920315967976802 0.711472869441043
4.30335706838329 4.02007909385437 3.70044675886343 0.625739422553569 1.53017761722803
1.90485571760236 3.68684190222291 1.7140975543848 0.249291003638365 -4.67532779575985
2.99245892315686 2.48694973466165 6.99333573124487 1.44056510788865 2.66126071031516
-7.95113654984331 8.32322192433771 4.27091962154411 -0.583448060654051 0.374306380751269
-7.7098785947876 2.97515622477074 -0.114928918978376 1.11006217078957 0.368296593725316
-7.89063803078986 3.75723405025336 4.37055561892565 -1.72612805906164 -4.9689768420165
-2.21432409483819 0.724769045803977 -0.590456875014294 1.1460429687963 -0.451934072510053
-0.35208589788926 1.99335047167575 1.21901489716969 -2.07332096730049 -10.0319783864491
0.217033897594753 9.53838689403535 -2.89318142947771 3.12001089131897 -1.53390452331433
-0.571442017076886 0.721957045508564 4.02286037981052 -2.85645594284428 2.95213632368896
0.829370078332234 7.64282128547351 -5.01396054199418 0.511111050430283 -6.33866811319784
-9.73480899568927 4.27670424295015 1.7739828939727 2.32701649545709 0.763126877884093
-2.38503742032124 -0.312398904540651 -3.23613737936265 -0.415609257258232 -1.48931256919619
2.51442171953907 6.64433112135646 -0.539736524178559 0.210242658865267 -2.14237544264821
-0.0566756593192892 0.378489500603387 -6.69943921692602 -5.87671990588741 -1.74790386162345
-5.43479769795497 5.97519207444468 2.6367911160332 -1.80181047427782 -1.10032666884196
-3.79541914523163 -0.277440440052298 -4.43262075002261 5.24672456491713 -1.23884216722126
6.63059095842171 0.0614172418383352 3.01972276730696 4.15558375803142 -7.83339429333482
0.293642800679134 -5.5761823438454 -5.62863404263944 1.38541346857022 -6.9759441786042
-8.14011301209509 5.36154256601587 0.902142621508731 -0.320136561421269 -2.84741249539588
4.12325077438905 1.88242995629945 1.57143157082676 1.2316041775246 2.10910560880149
2.42755304044651 2.82329915598717 2.09296806059701 -1.7410054306709 -9.17933431385059
2.65790660609061 10.403447914888 -6.53305715986284 0.225836909114654 -2.19064577762374
-2.38644067166834 -0.835604072623931 -2.07588214666237 2.10535208613442 -5.52216381628472
0.544878383209099 2.97151748688654 4.0464371790974 -1.59641219649723 2.73848786866651
-9.72485577803009 5.58851407564263 4.88182976199564 0.0842313860068559 -4.73070695476612
0.127416702775685 1.62370922448831 1.69770371593146 1.39611567414431 -10.4785990906414
-8.59883089702726 0.259351491297591 0.404454483271254 2.51582822706653 -2.97758184631718
-2.63703490843536 1.06129706228485 -0.83709286503285 4.05830955483081 -7.69747628728467
-0.849419124273932 4.61472922239802 -0.746937068739664 5.88919450454432 -4.25275809130179
-1.58410217107758 1.79627187250307 3.36530458453911 -2.04150227296427 -7.54676732661469
-1.32702003144621 10.0713498055006 -0.926995831041154 -2.96976439271769 2.2130640386307
-8.00637266287537 3.19749441269888 3.17693232161126 0.690150883867062 -0.717597025751724
-7.17977327747978 2.80398250220961 4.08182986592152 2.95396200366104 -1.39486614736897
1.96944117607839 2.75545456112402 2.59245956482207 -0.618037029376461 -2.2242582954619
4.45149477095174 6.98809765620685 4.95229583742846 -6.7446996999671 -9.79455287225499
-1.50985981780905 -3.0059343152791 -2.64025698397255 -2.26352215205176 1.78658688851489
-6.62277054422715 0.97112088075084 1.94039670394675 0.0135387346864878 -1.23916813874464
-7.32981423893312 2.17252065153914 1.41603893063367 0.157997139912229 -0.597899816997899
-5.83299060793748 2.56927020416948 4.04252539930833 -0.991740057502038 -4.12708018396728
-3.97104216221029 12.0937224827406 -1.28582290626932 1.28340101810708 2.89244581741739
1.83468829842008 2.48833145933849 3.40028005191077 -1.12553058150976 -1.55520695260269
-11.4739353973853 5.28825472214923 3.59182847289047 3.2319001930415 -3.14995081021213
2.8184022413477 8.54522839566294 -8.04951293132888 0.404344674781187 -2.19857992621371
-2.22911253372752 3.582723707459 1.74679970562735 1.79558141404173 5.77850343151377
2.1299915128186 0.0567155653213685 6.10053725247969 -0.537709558292981 -0.13374779973824
2.97203453633999 1.46876528617454 0.661186779178349 1.01125787735272 -8.12511598817799
4.37503552016483 1.26299679199285 4.18742881135152 -0.437191790414818 -8.36023420514997
-4.66033618517871 -0.527174447574995 -1.20028826104421 0.683886648023983 -2.94601086656809
-0.531478544852423 1.5597484506956 8.8641304700907 0.718645128576945 -0.83303014119096
-3.18134478347886 1.21040598314226 2.46950696924339 -3.44765910980057 1.4434742829364
4.22149371108283 3.10590861958014 2.21629236818769 -2.72739961078488 -9.44339962048242
-9.01843320659985 5.3539763077184 4.99918766800868 -2.03082637769649 -0.252082401811329
-0.646401521688642 5.96006123230865 0.0657893028959127 -0.655014292179597 -8.27586776741094
-3.72878557575891 -0.343011852474502 -4.31111309414799 -4.91729698428848 -3.55955521257421
3.23818191638827 0.159133498910164 2.84923486366895 1.11103652521249 2.11548060330534
3.51750185366876 5.05387279507041 -1.95662000793366 0.217299907526381 -7.34337537380424
-4.11124448397179 6.45384953623821 -0.324894952531589 -2.91231955854854 -9.49877908276505
-7.48424764787667 6.62201940973418 -1.39431829827812 0.774954844294777 -0.644012381633645
4.10951559291471 1.39282651186083 4.17658637846256 -2.26527483892325 -0.0984629458056148
3.31865783606095 1.63353826913362 -0.402310571123599 1.67266128070373 -5.39695540455956
0.0313833099194289 1.58208613017005 3.77587988455445 -0.487068631825371 -8.25076120401482
-6.53798292470003 3.92064731173986 4.51232496556191 0.340261899509445 -0.903138289831035
-1.91238768878344 -4.69234425951495 -2.5696177492641 -3.1180499069902 1.18550101697405
-9.75189591436307 10.7644885116867 3.62414463079099 0.993463140904719 -0.966112795108239
-2.28414390762643 5.04555446070093 1.84197279678966 2.87399199889478 -6.5379721885245
2.16813159786213 1.70797035258912 4.47151759105296 0.0398300805319051 3.07378070765847
3.79335255445181 11.5261688315519 0.697293698432235 -2.9264004099888 -8.3014650151559
4.03567642484186 4.01774432215335 0.379345535083015 -0.00220880709405319 -10.444266639873
0.81205964777858 1.58315995185781 3.83402985246632 -2.61408241154447 -2.24144153404813
-10.4017147638866 7.26380764399709 3.33108899840549 0.680274247075653 -2.37271723537787
3.82061635350092 1.13998373139061 1.15351088065781 -0.97572141664883 3.56113409921637
-6.1162360618982 7.25576753004568 7.25778027615159 -0.189375630794068 -2.5463029622641
1.94047684891704 0.309613085499623 -6.6336377345666 0.790162601422857 -0.0561516084719202
2.80529768676589 6.00450614359571 -0.776578540886016 3.60414602741159 -2.22042877579184
-2.8494457430823 3.0749191501104 3.77337573287423 0.263472704860149 -11.0511880867088
-9.00588966056937 7.31287250964033 3.03341480107312 0.264859252043657 -2.70661006572535
1.44953605738314 5.77431464955111 -2.04158894609056 1.70252137168983 -0.900658328983234
-7.53800642359437 5.59723083367111 2.85938081645222 0.212741957228516 1.9290160975122
0.469088629893114 -1.52952598590358 -5.58845138815915 2.25061847769723 -3.44008902867629
-5.70627125107375 6.5534350083922 3.45523954338498 -0.356686238144497 0.752722921500664
-9.27097751813111 0.678959036692443 3.16481573858318 0.979206886756649 2.48380068014865
-4.83943535721806 4.26289383795956 -0.808450213402647 -0.83256199524026 -5.93469816960281
-5.43909228580699 6.89890327858325 6.64778319480824 -3.25612314976757 -0.426865778862837
4.40109560258784 3.31507737288743 5.46683924728195 -2.34944575190209 -10.2971099821866
0.0882171786480104 -0.118566831932211 0.432311141595526 -3.63613094025707 2.55474506433815
-2.77169543535576 8.42701827242339 0.246652160868086 0.212770009481757 -3.03521582198865
-6.88432229835677 3.67519556966237 4.47594362283519 1.84766800640334 -0.380167690908513
0.309735859596718 2.45846055174263 0.0403909911044735 3.96118834857271 -7.89414420490891
-7.87962224098854 3.71392211460002 2.32455731630958 3.82661577631429 -0.0900895360764118
0.3797155680511 3.28400494981354 1.04120036477018 -0.784400379166984 -9.67092591724462
-5.79373130394318 2.87005902618083 2.82996411466874 -0.337848731517743 -1.52312231979037
-2.95250915138009 -4.84798762414118 -5.43694764499775 3.18915599153321 -1.1302844278557
-3.90382081204442 -0.00191657532333744 -0.93795851751158 1.64541951579118 -3.77819082339301
-8.49815362593261 5.70995453722222 2.87958801188081 3.71311805168335 -1.34303718978042
0.3711329594392 5.05835430249763 2.6149802314914 3.99101899137092 1.08682820114493
1.30548484543013 1.62302195877517 8.23693052110153 1.89500695920602 -0.278830331844846
1.23418444860145 3.40276953648797 -0.757834360251543 2.12690343553726 -8.08915975344244
5.62140985133405 1.80987519370476 0.437459835702443 -0.431374758109973 -1.88516950933417
-0.0877941265464832 6.82352056249522 2.32391702103308 0.159528267129327 -2.55180471886958
4.13563241004513 5.48436318296435 1.84487841760188 -3.36704445643809 -6.56459654773149
-0.0654411663531581 8.22647550344401 -4.35884637532577 -0.570105250689712 -1.40463446905047
4.5205180094546 4.41265635827311 3.57326333870648 -0.833231301852647 1.04135636375049
1.44243396735245 1.63148007365072 2.67325920577263 0.895517741162354 1.61450152716733
-5.37395194746925 4.19193737745692 -2.15287241777561 -0.666180720483067 0.0861753903747009
-7.79410278940149 5.54513464039022 2.15284646445846 -1.27792419816194 -1.51683967410956
1.6842807667133 -0.345452578642933 7.68794143711839 -1.40224400462839 1.31000725560242
0.846701929024524 3.52159773228621 6.00789241414751 -2.423793820993 -5.10720627284025
-3.69460281712999 -0.241840403021379 -1.30601242959343 3.29374807560655 -4.79934594969651
-8.79412889940484 5.24170567304955 1.70660763761699 0.56818969681112 2.17119613597776
3.88691800513051 -1.21322261410586 4.54172671654455 -0.101036775346844 4.08355707371358
-1.31654633476473 -1.86954746663035 -5.91110379003582 -0.37392562878074 -1.8734475083051
0.495830405672642 9.80899756080076 -4.47406180539155 0.11371432225346 -0.236970148936699
-3.35682139157674 2.29638598340505 4.5623076685621 -2.06527986727882 1.66657678518616
-2.42856788544616 -3.34860397081083 -4.70177763550235 -0.822497982009063 -2.93154117849995
-0.37931574816169 4.48411930923499 -1.40004445271643 1.20098887850551 -1.41194106301655
-1.85741931604651 -4.50452774395013 -7.77981280767345 -4.38522332308043 -0.568575210417542
-6.24962328403024 5.04970285983042 2.48150325971355 -1.44264718230309 -2.73041544697747
-5.77143650305598 5.45266529270267 4.99177628450249 -1.7619188924344 -1.89067089457587
4.82510745645511 0.933732968964505 8.92293051064529 1.50433433929093 -0.381801042480504
2.99034621742863 9.6380386829058 -2.87351204762222 -1.2919223216972 -7.96660680992179
-6.87874263801546 8.3135426806164 2.0986325087386 -0.799366447866733 -2.00503385392237
-9.52849315883514 5.0323478434627 1.74501667181872 -0.866553948915906 -0.194922527448136
-8.90958140887432 6.68754922239444 2.46115386672634 -0.59661157396132 -0.425272864854723
-8.94823280770985 4.54145284924218 3.13190442557014 1.1267619256813 0.0489119869368819
2.16358288074448 3.41871458184326 2.05178114129517 2.18031804344744 2.85371951575825
-0.535827250393572 7.49227820627806 -2.08962946530372 -2.41449050194455 -0.252277280781727
5.07118215868755 2.94804545171912 4.61788101017111 2.36285156041587 2.49122926988146
-6.09126204496046 6.3469992187018 3.38249006538977 0.583669221828502 -1.02269076342569
2.37133580404893 2.23594879053741 7.74008477027937 2.38682655055459 -0.281886390053441
5.99470362972072 7.70731529055037 1.37998748602214 -0.402676621740055 -5.26523062255889
-4.39192868687445 7.56153279004498 2.91831904626933 -1.56848217851416 -1.70820701579653
2.51621962424611 2.82988665701956 6.29655074971015 2.86136289019445 3.87484618649616
-7.21526807833249 4.38347202144151 3.31848540069209 0.983623128286952 0.0459131788623413
1.65512287594671 6.39226893984335 2.26884270676435 0.815293190465043 -11.9734070588892
-9.87015766389953 2.70833033647068 3.69487258048533 3.65452175963259 -1.73322508267414
-1.95425010841757 -2.76563316941825 -4.72627898424035 -2.87410645039061 -3.49363725143844
5.8292996732217 4.32816474460427 0.939680919096175 -2.26612217079922 -9.15315563061583
-3.73566011802946 11.748880980697 -2.72762143298712 -0.433725625278591 -1.34360455068835
-6.33247441120008 7.46001656262964 0.743591190777907 0.658617032727029 -4.6377386512596
-4.46800667011954 4.95268807594775 1.84994622679501 1.72547456142082 -2.88006861551395
-1.27805970426323 -0.931317503886536 -2.58944223601569 -4.37311153073545 -0.231562945269673
-6.23534973536591 2.19312131038973 0.744297795464377 1.11000829648326 -3.50108693317228
-4.49179325424908 0.491989880666495 -1.59485547869703 -2.75604716090022 -1.2732007917409
-3.89564085876373 2.0399306565466 1.10993853504441 2.34093933243983 -1.43319166674082
4.90190066171517 0.0447617263643929 5.56177383306485 0.339124689055275 2.70770623197964
-1.41271331942663 -5.15153446640331 -5.52397892445895 1.04377420674085 -0.577830521832496
2.68331347596901 2.57397145909943 2.35091104222749 0.738673243614745 0.846888551227831
2.115506363475 3.47277829164885 1.42119483453044 0.347384083690921 -0.229338079591912
-2.52521097164197 0.799431300400994 5.89974779194139 0.548625532777327 2.01810311769488
3.81225579373167 9.77500434631373 -5.88463327912362 1.77164902017707 -2.35863914962186
2.80378863150805 6.1090378674759 -3.16416872534904 1.07478000874916 0.00877130364874301
-6.6880645282467 9.17790793985889 1.46441946611156 -0.829315466509222 -3.50131914886853
0.759746347201515 -8.39970921460874 -5.70597896675596 -3.15434430663482 -4.04992906853204
-5.4749426203359 2.22266534798935 2.88397095611968 2.66211397267328 -1.20172273447312
-1.70966602063173 0.97506000853762 0.656521867748397 -1.08360546694266 6.62131966112666
-0.399059174167978 12.2279266221741 -7.49392947825393 -0.320348996619186 -0.433626237099063
-6.76821648129763 5.48788981937189 4.72154446932461 -0.351222835219512 -0.132821541694434
0.943741824123955 5.84248387048904 5.35777234334888 0.214709347842394 1.4730059171961
-1.58621359165042 -1.16934905485911 -2.77474318494472 -3.35207110498173 3.0118850060526
4.44655157770729 4.64383497030114 4.57791354454362 -2.87038687117101 -7.95704499301225
0.941824194437284 6.44857082233101 -4.67173828395607 -2.02532529596053 -0.604410570889201
1.21347214515494 4.96977054375933 0.0906414913328879 -3.96277037633825 -0.133024593949486
-0.656691380406154 -4.06519211285005 3.85726153716803 2.27925818071173 -7.77627971034038
-5.46747642992772 0.863792106332225 -0.706112726182681 3.67773310763395 -2.07512499997677
6.7597884136767 4.46983508799104 2.96328672579181 0.51935853206698 -7.02296572529369
3.55396925016424 6.80949815152202 0.458900018648768 -2.13662375594008 -5.68569874679319
-6.7610201353076 7.15026544809488 3.36675290050512 0.582206923331583 -1.81278231134566
-2.36891540383654 -0.978747516827391 -3.45759290208185 -3.02923531933756 -3.33216369348018
1.34280651415312 8.17858202786935 -4.99121460895688 -0.957158686866187 -1.23267813789997
2.52080081851084 4.69969860804263 3.88658965922463 3.34674294541428 0.632115017925969
-6.53407647655609 6.1599607177987 3.8266191618473 -0.93564042104788 -3.51622560027235
-1.21421015901892 3.43898688054502 2.54136881482194 -0.830950307964742 -10.9727728095871
1.41830026718207 -0.770441361087198 8.33700570409254 1.64068963402759 2.2700952416791
-8.03941577773792 6.12222756962527 6.14253722194077 0.825446489327553 -3.59515965489018
1.27033224705451 2.47648706573594 -2.11441937718165 0.948842564154037 -8.3614932183165
-2.69333184046667 2.39027399906315 2.26787999332159 2.57743898268575 -2.99013629207407
-9.41417341951786 7.01868141418806 6.16608804672617 -1.13372697867574 -1.32243067142496
-2.62330332695102 -0.375877639353136 -3.6729501854226 -2.59248727761887 -4.57350819839902
4.03356602638617 1.67758056270786 2.895284828692 4.07146695532186 -4.93941590622488
3.16673549046185 4.78778989003551 2.42589627858687 -0.518730359094968 -8.97251897218266
2.35482138079962 1.02043976987633 4.9820841050255 -0.984324113939016 0.428511560060011
-6.70512695232694 5.23377948829702 3.14208921337791 -1.96981358645973 -5.0809087357224
2.00187759161993 2.21546188423055 0.89531123201609 -1.90281400149032 6.74953881785211
-6.28367710781196 5.25446385227059 1.47305615610577 0.600196124925024 -4.0104734590813
-3.10588044974801 10.0463563984735 3.83366419736144 -0.487665796274545 1.65024393493794
-0.629372872343776 11.8420660745918 -2.68412239081438 2.69737980403948 -8.55116239038176
1.26420883401653 1.21568686676118 3.35815808453171 1.5913256366405 4.9956300711321
-8.1173090319292 8.1317273617406 5.49186241816142 0.628398315950598 -2.00117802448985
1.76011329060461 4.45456579691473 5.39834125777353 -0.558780428204878 1.4075863130126
-0.185211058518411 -1.28441421188 5.09045866654935 -1.26404873263663 2.2989096501718
0.775799833682135 -0.29159166538689 -3.72691010116951 1.17051090136748 -4.62492711831771
5.30061946027657 0.661644378769612 -1.50445468962154 -0.701814185507686 6.45588951153848
4.49806535838948 2.91641423844866 3.53133946676483 -0.10617009060024 -8.75321157486641
-4.33106122535582 -1.91798172298541 -2.23387524626954 0.492162074650272 0.464617794909119
1.05789318631917 8.72514034015003 -9.5953047706481 2.46217454761304 -2.01774584269232
0.0173007648123564 4.68437001280769 1.71780305180698 -1.25061272367089 -8.61726658417446
-1.71564921024368 8.99608766214562 -2.86074125148122 1.33379200882188 -2.3930063405691
-0.470156971661171 -3.89560052737846 -5.92623458865333 3.54687905450941 1.98695923130955
-6.72057055890874 5.86232299843671 2.76142728036352 3.23169626494466 -0.722304408640409
-7.74195168783108 2.30485104794945 1.68441855859287 1.90701634978566 0.838495416295273
4.646537298024 -1.59008775854791 2.1926902279807 -0.603633891358982 -10.9325090570595
-5.47802166347017 3.95468963424819 -0.91316018284755 -1.1779015446805 -0.711816635793627
4.10816686704098 1.26721763092927 2.39578722780184 2.74043137174226 0.393973681109894
0.225038368393901 5.67769642101011 3.39351034852968 4.20938484292666 0.922969570800161
0.738921511621997 4.35334689275978 -3.09859151425447 0.0075803624081085 -11.0877208654866
1.26915923064741 4.92899940089642 0.315556293745212 -0.111487193704268 -7.65716775247961
-7.26132139581098 3.17164600209142 -0.593247803985884 0.880867762243949 -0.662384715442176
3.49114807492199 1.3134484269697 7.25517604130533 1.81781408692552 3.39628470547085
-1.09042484632255 1.94329942077197 5.92483047933522 0.435362720802814 6.53976560388306
3.73270800025953 7.17007846086663 -0.887718329802734 -0.355632238424591 -9.06781540476587
-4.37698283673225 0.167640451818759 4.10358551224786 -0.851751522127294 -3.02736472267234
-3.81196749587646 8.15312252610511 0.126991343888928 -0.623167789847957 2.96652508150426
2.57932872289026 4.05241018972598 2.981491179609 3.26866003035095 3.39138704024608
-6.14224942940535 6.43205669819037 3.96367987556318 -1.22409156028586 -1.67247357965228
0.548479661693581 9.11463925392286 -5.42485911151068 2.68992848053238 -1.7097991348396
4.50446450439708 2.94055143811327 5.14518508474421 -0.32475637919117 0.282299641808214
2.68959120126061 1.80534734066629 2.55100756643867 -2.11845460107815 3.57175049949957
2.10065930410686 1.60864739512573 6.42728124266881 0.487971997685399 0.758868444231451
-0.373284257424042 2.83539400926822 3.79060556344675 1.87474026098859 4.35011887661098
-6.13190517273762 5.30016740067775 2.56658313878567 0.69995045298071 -0.303821466222297
-7.69689799101918 2.15430913403241 0.0134176381893978 1.09906135849905 -3.48602163954054
-6.47485466736475 4.01509376709341 2.64805489782472 1.03511535215874 0.438454317458747
-5.90160329059094 3.44840207882126 0.951118917535994 1.99834518632429 0.63365496466532
-3.26327399779147 -6.03852298943259 -6.85071239774265 0.618376527402312 -4.79898455387108
-9.42407155165133 5.8285594389619 5.18652623174662 1.15879575808899 -4.67504320820796
1.69719261208376 4.63744460825681 5.53100439205823 2.56739146266599 -13.6858693709775
3.49448579098794 1.39314092420518 1.16478517127545 -2.71360523060964 5.54508232506944
1.25666736112677 2.55593908730781 2.63204683482808 1.2101960166508 -9.76603414869787
-3.81227784786741 9.11687576612847 3.70257589051374 -0.587547641069015 -12.0783935397465
0.620987736268516 2.11129098422255 0.00430860308952852 -1.18623089158059 1.72135031309552
5.71987669031659 0.674051658746008 1.05302033578825 0.699060351864156 -5.88583087877908
4.97309149977552 0.420477182775657 -3.11359116940435 3.78155829677844 -4.12142659042913
8.60497250365109 -1.26060146140693 4.86354685198937 1.00041788666589 3.47174233614037
2.94702730609147 2.81010068555087 1.44560614654694 3.54019290457323 3.88560941582398
-6.66039054038165 4.37302003981211 1.93437629067434 0.995170226552138 -1.24262145583888
1.18260273951485 4.18313225939861 4.57441415666994 -1.29064525443042 -1.1428621522273
-6.8374418946217 6.64314635658534 4.5104589702337 1.54540892458946 -1.95695911762392
-6.78233640339862 5.32281142832277 4.79308790312951 0.569879985858883 0.112106501033605
2.780610131203 -2.77331571479888 3.97629229242162 1.24489611169883 -11.5021160168805
-9.39388529468579 2.21686999896539 2.36848088985683 2.92309981974822 0.213653247853452
2.70083876047405 0.322555448623762 6.54948345892265 1.49730951766849 0.247692192524811
1.32782974097717 6.57329715093526 -0.245585906882211 2.73238978686594 -5.22957179909268
-7.52745672622772 2.38732652190382 -0.918420759099713 2.26436897933548 -4.56254236066606
2.98128954571057 4.41420338475911 -2.11711031555683 -1.43124474550233 -6.97766153768432
-1.65397410243139 4.32124610242962 1.4575913960947 0.0113161034515021 -10.4359819474753
-7.18316191904666 6.13882367866645 1.97548613090232 1.62083034393554 4.46658083352555
-0.88591858781835 -0.611107603533977 -2.67354598217906 -5.9444073491374 -4.96633322033781
6.03622414608478 1.82886709004756 2.26484033873023 -5.52780962858182 -9.85824104290643
-2.14940213534127 -3.3785962503412 -1.09821001343872 -3.4214403546857 -0.0180095161107245
0.955115780191539 -0.073634187759843 -4.62249869596965 3.34516686732729 -4.56480199122239
4.73308554333838 3.54419835895316 -1.22611018415009 -1.70622075522943 -10.7150645439431
4.35222615426944 4.4200765483272 3.35031533374805 0.442447825866709 -0.0165032193546777
-8.13272688056888 -5.79866195723128 -5.78251754664663 4.22338431784951 -1.68517565397777
-0.083183939599063 1.93796454785901 4.06412406377292 0.50863845807518 5.73579877320832
0.000697296292287763 1.20752551145024 -1.9668213917284 3.15280029817539 -4.0983820590498
-0.437953059419603 -1.78570168445957 1.22236992351663 1.30782216265193 -8.66265415744567
6.25495955313912 -0.0804353454161362 3.867482370635 -2.2463181595038 -8.41976064665593
1.34182509601356 3.36867214819673 2.04270613676872 -4.89996109237873 -7.85808092793681
2.86835492718546 1.48477994658437 4.45927945783753 3.02696288879023 3.75954565119009
1.32002363915542 6.86284823614184 2.14162441375898 -0.236601752079742 -8.64906439021985
-7.59858213803363 4.84193154941111 2.73771449152071 -0.53491850100461 -1.26953328974239
2.26122444155049 0.318629671345572 4.89398021396864 0.663081270461165 6.93857057329705
0.0277262966009149 2.02131636105169 1.82896023945662 0.520682187992643 1.55088396026541
1.16699920196269 1.17598377657399 4.0954903698742 1.28681121995608 3.17607916991876
4.98146553514051 1.11280307908105 1.24885946992859 0.807910251231849 2.33067821170364
-7.02146713784509 9.29517019179617 1.90379871955308 0.294218104263256 -3.25543209895374
2.03628217577756 2.59615467229016 5.72430200693707 -0.956020336244309 -1.08164227348032
1.36620924359887 0.362547228095355 1.4785611180129 -3.11733798547679 5.22808508781462
-4.32870584188467 0.521325673136565 5.22398922470845 -3.55999524565679 3.68237161272816
-5.63571336934737 6.83337918527124 4.08910236121898 -2.81945496112332 -1.34347662991206
-7.86637685340788 7.95893976127813 5.47756328690151 0.444347801133878 1.42337358439501
-3.61694268234013 0.970538166796212 -1.73055871377714 -3.25328295989147 1.96827381012778
1.94162154363739 3.88385244420669 -1.1076491576519 4.49407190061756 -5.66711688128016
-10.2139679644644 6.28823285901707 4.79607732459061 0.646085356028059 0.54562606084684
-8.84893779245414 4.68194174563913 2.55547662614161 1.61458779186302 -0.453036761937608
4.24857675704929 2.51254359316117 1.63506931066926 1.40472540201893 3.29777651084197
2.62685076763763 5.8846455572946 0.859372417598516 -0.0956673031863678 -3.57145023983442
-0.921345800295069 -0.159487084286269 -3.44190268154923 0.119734884547236 -4.80858765649116
3.75306990627134 0.0378023808019505 6.89761735715331 0.60636839050574 2.7538827639797
-6.22284308962517 3.49408007435317 3.94737924472352 3.06329468806261 -2.46910434708193
2.10341341038144 8.09880945721219 -4.33094470194617 -0.499545896858145 -2.63869447933618
4.1935165471802 2.98961687863147 2.76306257748164 -2.67106610311922 -8.64365721301998
-3.82417427629623 -1.04130850703588 -3.82867748180023 -0.458002770507676 0.644561299527416
-4.00330199237259 5.96508312346595 3.3095619033731 -1.96856012342685 -1.70417994354509
2.34061165626057 2.09169398490102 3.11892482988358 2.4573250713708 1.71156459146875
-0.78581118852627 -2.83202800431239 -4.7515968372269 -7.77804393136589 -3.79110131157795
-1.42840322797466 3.0640529852411 4.67743704893715 0.823119159659611 -6.30147049682644
-4.13846608407463 3.39108893863316 4.15258203169948 -0.642497815608067 -3.03921554582157
-9.47003446915735 3.09473600634026 1.24608075598788 2.42296997194826 -1.74220240323736
-2.04121789388257 7.66419335648083 -0.2694830859661 -0.547636499133709 -11.2970934603652
-6.87316916604021 5.71274297890808 4.11838870215993 -0.690149883392557 -0.381718359450122
5.73614356162515 4.44233375129918 1.57663344283302 2.04726549524569 -12.1138346221544
3.58603105242019 4.52719321792828 4.9425217920989 3.11351727811597 0.741460588438145
0.458937230256657 8.17969733789517 -4.73686027348189 1.93284711833331 -0.336616310787893
2.51720739159495 1.43701025426722 2.9054169584356 2.53815413444392 -6.07431328638395
-8.44007565856351 3.76251691049694 1.85505043756024 1.68939895980595 3.86867254677607
-6.64777800657779 2.30112392594065 -0.536391372725858 -2.71474375129458 -3.86726419977886
-3.23126138818739 -3.36957072924701 -5.12023121007485 0.100280814814101 -0.476975828798952
4.41802297558155 3.77599543305686 4.70695015306508 -3.18503591058634 -5.76657222401755
1.56675116412685 8.91981819900199 -5.40264075596968 0.327683793977167 1.21937655657109
-1.82504215319196 0.732444618456592 1.97091148086713 0.284426746238557 -9.3568869508772
0.987527587826842 4.21494199900933 2.46289329720029 -0.333180303453813 -9.34870763000409
-5.25572459642348 2.8245258974547 -0.826900402852535 0.269423830624007 0.335299945659502
9.04419915642514 0.512517250093866 2.33506171265337 2.71671125555884 7.24331524626133
5.08623111731893 6.81826334508695 -1.41814314054741 -2.03499843558245 -12.4217448891362
5.57708813447696 -0.31713514147787 6.01833764823764 -2.05001895796163 0.841335193368593
8.82707601857873 0.0192363830938826 -0.695561196935289 -1.65352921708554 -0.33303985683962
-2.04401176339167 3.19357606276112 1.89965201417989 4.8555828897742 -7.18465429690713
-2.72143016673818 -3.15076093198851 -5.16025747761664 -2.84512058785911 -1.97481636478861
-2.40823449573283 1.59937600844856 4.65313356816643 -0.178625388561176 3.79808026851249
1.85879037622885 8.58173640923749 -5.88286158980594 0.334678311255306 -3.06640238864085
-3.62888987429009 0.748738701563842 -1.13420727281681 0.0850715256504661 -1.50821865612473
3.2842342684746 1.83896221447822 2.89492418253213 0.483415394534842 5.1152540447108
-0.82239494753879 -1.62388506768158 -7.28962465866016 -3.17247811685515 -3.13569757477927
1.33607954946389 1.02349722689045 7.49218819346297 -0.150201830910877 0.984442994643268
-0.513434678204312 7.65919424157769 -2.48606077134549 1.70500881670002 1.83563940502596
-0.937659495702747 11.4916212397672 -4.20571998930783 0.0544516429490027 -0.754141837710898
-5.66679630545342 6.06528250808787 2.771851259223 -0.7825855236549 -4.4422185130418
4.46923213780645 1.72066050391396 3.08247565354667 1.63729082057003 2.23997002410196
-9.52233985489358 10.3558776716392 3.76128692326239 -1.03887167350968 1.35610475912118
0.786186618318402 3.7218260881541 3.52942583492842 4.08082875137401 3.40839526890106
-0.0955190964583732 -4.71097078749188 -3.40980973005031 2.60045607947153 -2.00985131839901
-3.4236798367318 -3.69680777984559 -7.76809429116761 -2.69043830721156 3.70643615107699
1.30007817529576 4.39778318612813 -0.177936648361479 2.08414657944179 -2.72972728674285
1.14389273206232 4.56421522218057 4.15985312834614 -1.69950581232541 -1.7495085095298
-8.40851516064102 6.85559713995555 6.64790530292198 -1.53436775502835 1.16992171428313
-9.73775598197914 6.34366962452027 4.83211716154493 -0.0768298453885245 -1.42972366246627
0.110566269801577 2.13131914638435 4.46552795609586 -1.23700196830434 1.54956705981722
-6.35371949715069 6.53582181361599 1.25974895283757 2.02567735619875 -3.19796058565388
4.5290798710769 3.95020483275221 1.81055854352904 -0.0957072740781059 -3.26447430577674
0.406218996457576 5.39437553524903 1.17866130788102 -2.98952813437984 -5.71947505723503
-5.20891581322776 3.19251207997143 2.49106796837075 -1.00947485433535 1.36508904248419
-5.89714689408428 5.57773721176114 2.18724924914334 1.78331267870255 -1.49509434398274
-3.65431194436971 -1.97480291765491 -0.152557610639492 -0.853595393874446 -1.85608455930849
-11.191451232276 3.65526536517773 2.64395829548384 -0.780605845516989 -4.18488617591279
-5.74104098319349 0.0446592679758002 -7.19613800888892 -1.21442103550448 -5.28505848178687
0.46616800461268 4.61066345097388 -0.904846628656496 5.25984683098633 -5.83112734796529
0.83570631224878 -0.670540280708383 2.46387794060823 2.30817337535417 -8.96556176680295
-8.00264052507871 7.4897126871644 4.33222786682617 0.186873940829014 -2.48305332956816
-3.46528050796502 3.84854663001001 2.01248919733961 -0.82611420353703 -4.01256691113529
-5.35910231097502 3.93555021330639 1.16466702868717 -0.139237439661051 -4.45076375104735
4.91127046682987 -1.64542860496891 4.28589153468011 1.41564504322778 6.33225991818261
1.77806833978603 2.13931333874727 4.32437102408353 -1.99448989076533 -5.23226671986759
-2.27138606249128 -0.810842218823619 -6.21388515472939 -3.73392898512295 -0.367556364915088
-4.83944560481372 -0.974007148699201 -4.33358987651207 4.6083863576203 -2.28172530176018
-10.6706259260363 4.93132936925352 0.569666795467465 0.926607645427507 0.540797333557284
3.42626681500489 1.53232828647315 2.31521848945168 0.636334009149568 -8.11152948320808
-4.42802847826305 -0.768059557333949 -2.823427504375 -2.28870428405345 -0.84700181578155
0.412305838807473 0.944732378222874 -2.44491009307821 -2.12959728310466 -9.58952055701418
1.22521326418901 3.99800656954446 5.24584108279605 1.6668055893212 2.45019085869099
-9.66828654168732 6.64460278256764 6.25772534812493 0.30777130533339 -3.75157409760368
-6.61281322464622 0.816019656584452 3.89305112787776 0.41327861430883 -3.41355507294307
-4.5810029672826 4.38000481417083 3.49715109580341 1.51740516209716 -2.90146703238511
1.45269311652012 3.79427179298051 3.2708407821499 0.450845891058922 1.88058856827276
-4.13057506901882 12.1676505298712 -0.738046499430682 1.42516086888453 -0.415107009118603
3.53920701211178 1.44095529756442 7.34963554536119 -0.10455156035424 -8.84596701198651
1.53215951357126 3.84506406014374 3.94715947551164 -1.07923609392114 -7.72481226560867
2.58003420916314 -0.20300945976563 5.30948643746863 -0.187679980769188 2.03566240068228
0.380956034648862 0.666988624276406 2.9541850087697 -2.00680189180922 -13.5754238388686
-0.840496684533825 1.02402261266288 7.94815449615297 0.899360561926162 -8.52152888085178
3.48041712366567 3.38831724165024 -0.0771340822172606 1.13246598119609 0.368039071293636
-10.5575916284151 6.50775223764872 2.2287092773309 -1.98187431090359 -4.21934043735719
-5.66437381921171 9.42127826269062 -0.172563399170289 -0.836705843837571 -3.15894046051882
-6.98158233021834 3.92149685450086 4.2916485019247 1.33446029516893 -2.56806888119253
-8.78919888448158 6.79800715181725 6.79417202847477 0.946265285238643 -4.65439491587973
-0.021139665116251 0.493532837781265 6.7230315468783 0.941781610068958 -10.7575254582905
0.642668658560582 5.73367249749776 -0.803148356287435 -1.37691719191122 -8.68815003471441
-0.0661291715455681 1.94946909096699 3.26229818097211 0.536653712863716 0.848316588864166
-0.165753043873431 -2.19096624049709 -5.15792418056552 1.68614091478638 -2.61236375334627
2.397234293062 4.32396836566167 3.70571511001071 0.0894294120411576 -5.91957338012986
-4.86083224825066 1.03710346645588 0.759277422262334 3.05491127925067 1.37830817971926
0.578558409698581 3.21259325809375 -1.24153879410417 -3.38090117517395 -6.22393650877776
-8.87883932552939 4.92253841194768 4.65428209263609 -0.519066647996146 -0.173494605960543
-5.37078157663147 4.15056754878693 3.62079233005853 -1.87713248692716 -1.62651555966864
1.95574344604946 3.09137187573215 7.45804651946605 -0.293825820927152 -1.58145309710038
-9.18043875084643 7.87532693907093 2.71776037154736 0.14267159624688 1.04723174332105
-1.03219755850795 7.55660175664917 1.5090639983029 2.19241161755614 -7.25734379445211
-6.22864857515797 8.49805821433888 3.31894791856695 0.143278542747838 -3.77456405712164
-0.0286657998837553 6.51131105338046 -7.06188811063123 1.10023845995077 -0.820231586360203
0.612967535386497 2.59631802573924 5.76801845067448 -1.75186200274421 -8.75284865392981
-6.98659373727015 2.40727962918885 2.52466016958308 -2.16882604345702 -3.4392534250564
0.936876593109691 5.76736661995695 -3.01404344662747 1.36449672799031 -6.40097047675302
4.61941271314701 1.92591144225697 4.78270303786792 1.05015111611364 0.734903580294503
-9.57890637115021 10.0261032085129 -0.195619762725617 -0.609670880927247 -2.51434395003102
-6.34642886130235 5.7915050543822 0.440513871654515 0.166222374816488 -0.697876334126799
0.2701455436685 5.13804793752819 0.234145029513776 0.436097579176964 2.64362211315264
-8.01866597583043 2.70714557680413 4.10914221352627 0.245588181352797 -2.43599295128716
-0.335706010821156 0.444165208058188 -3.97498048127966 0.409272643368874 -5.05967266525978
-3.53772745014048 -0.205646249585715 -2.11680213224286 0.64498801158159 1.349128271654
0.493596654720469 0.821640256627453 3.58778361658318 1.95483950881526 5.32813524359925
-1.14537955756102 2.49656734399031 5.65592986425011 1.55637159274717 4.90630534723286
-1.26274221512495 2.30841188749488 2.44451820880472 1.40452372746844 4.46091279544604
1.79166752513272 8.98585944065462 -3.27408959163097 -1.37225918737162 -1.11119362438276
5.8595247208783 3.32547853569479 -2.95294122912461 0.791333457342268 -3.46759989304998
-0.0224530366493395 11.6137562990297 -4.41634333131389 0.686840634905485 -3.61779783289179
0.587527085619463 1.16038900630994 1.93901441513857 -0.751616475133199 -10.1553990846545
2.93035885690004 3.33480251066928 7.32656141353917 -1.49608714398603 -12.7808225636277
4.81407033600986 -0.06241891853466 0.499238268858143 -1.05664380799426 4.38891914771527
-5.77119053116121 1.97337679413773 0.397630064790223 2.73264208167664 2.07504614100999
2.45025078758737 4.44910486803131 3.46661374252722 -2.21330331899785 -13.3952530191395
-2.56636309709689 -1.07139112299138 -3.88334716067042 6.70491099936441 -3.57104475807169
-0.20077925066847 2.18265936108744 -0.988972258896692 0.710693166158521 0.334026561987021
-1.63490279401436 0.152484471020398 -1.04497709793644 2.2800134369391 -9.451349473823
-1.40985344998337 -0.146407343774093 -1.28498267732063 -0.864450164968757 -2.46602353165704
-2.51356648747735 -3.53906895053055 -4.10982257677307 -0.931439703334266 -3.07192084319836
-7.73629968850321 4.60817304772932 5.28257245724258 1.33638492066825 -2.13090498072407
2.46140853096549 10.3013305117512 -3.51771874899617 2.1040873814163 -0.297746934401313
13.4284639333813 -0.741601628343746 5.42412137777271 -5.56573207652349 -12.1376229578119
