x1 x2 x3 x4 x5
5.93932973445724 -0.783809305210109 -11.536298630449 -0.578329416780575 2.4520443414279
-3.40568910765802 -2.02429321985942 -0.58628161221515 -3.2764809210706 -1.27499525327807
6.43535987081757 5.13319898235131 0.897031516136276 5.52002736770662 1.19762549721661
2.08241477752161 -3.4751471743222 1.58532559715343 0.121683428954246 -1.38309438610133
3.77583439849519 4.29940811148894 -7.68903941134384 -1.25393793332698 1.83693291795604
0.796760118386805 -1.01174065617755 -9.01020469299699 -2.80827325861317 2.94428850124311
-0.459382951544046 3.35603392100978 -10.8098799156531 -0.610535534898974 2.59135700735413
3.25180155061492 1.68086066243938 2.42016545932583 -9.01257179945676 6.4994083554194
2.3024360738964 0.600588149858404 -8.58173438852771 -3.37217189029334 3.64866321915952
0.281195093475844 0.300975866471134 -6.12054606517211 -3.27448868420925 1.90783121603657
-1.92743018395594 -0.535658345916861 0.771740822701703 -3.67965692921263 3.2718254821744
2.94320704870246 2.94537346149382 -1.8658629611216 1.66506112819124 0.40148952724291
-0.0205325961058422 3.40421886098289 -0.797948021509078 3.0856118379067 1.49491644477447
0.159166111338249 1.41506107526106 -5.4653514055928 1.69959085841367 3.98298576430364
-2.09217324832362 -3.80919778906999 1.51319493924454 -6.26682399117916 -3.45186149734389
-3.34689547087318 -2.69393949307384 4.09373960240686 -5.80201859616894 -6.18471404603389
0.23718126240637 -0.504322981457288 -10.0164527014109 1.35938676969728 1.10272358171808
-2.94868326269358 -2.04160457978071 2.1385041340944 -4.22562342985126 -0.266001247163609
-0.88492918694208 3.00487723084525 3.09771121417986 4.46110890747252 5.96126224951657
2.44033399371214 -1.44138284271745 -2.43549985878412 -4.00087388786998 -6.06274825185469
-4.15182585690338 -0.641986781596005 0.957501701774637 -3.75540477570424 3.54650249805835
1.02136274098407 2.67908493516614 -7.73548070920983 -0.918567473630596 2.35630369776546
-1.1284190792091 -1.7263681431302 -12.8269936258439 -1.89712949133599 2.81327736889952
-2.84829086994971 -4.55359482655789 1.59444220851621 -2.52233266428563 1.69940513472966
-4.51224277625012 -3.71318541588127 4.2467554846391 -5.345143759285 -0.587442018519229
-0.979494966740829 -2.30936296061056 -2.95859134354218 -2.91125844021923 -1.04373216152127
1.18769375084294 4.92981756604857 -7.61012782750146 -3.74551362532336 4.88609391517326
-2.59041687167373 -1.35221204110468 -5.92669753337966 -1.57732660278236 -1.55082225530403
5.64580272696035 -1.58209257181947 -2.11401082246396 -6.19354210384764 5.303141452531
1.91557279240534 -0.255734941808632 -0.564088595392192 -7.42092447364874 1.66530781667718
1.57068899538726 -1.10937804546568 -10.1828700209854 -1.76318430787359 3.82836056161266
0.371121246514676 2.87253067698705 0.556744428189507 -6.37436507647749 4.39176859237465
0.469680340923758 -1.93336271527478 -4.6716911722808 -5.83238924039226 2.37549115654018
-0.479846279840408 1.3977364821934 -9.58602873346075 -0.852716162221698 3.94689370800716
-1.78294938907494 -4.03592578657778 -2.07510976316256 0.150082396830865 0.70482011785887
-0.253589483105812 3.38857055457853 -5.52953927984152 -3.06201541798599 -1.83557472941618
-3.04655018196207 -5.84334677510083 2.47305509269378 -2.71291950241312 -2.75341780528118
2.01964691796863 0.73206034345911 -7.95241487162107 0.841453760257116 1.2006260972261
-0.264029406816428 -0.174396331389323 0.0469325923751187 -1.96859662335029 -1.43467827850317
-2.22230042566783 -1.2336304534524 0.164892902907238 -6.17874543364277 0.132121735860402
-5.29700005513058 -1.48275527289636 -2.2545980168622 -6.22543044469204 -0.90661411301293
-5.82644191805561 -4.26028691046606 0.935479638976059 -2.07913759029618 0.156173419974428
-2.47764877601503 -0.799129664000669 -0.94414432032181 -4.20410772104898 -3.49127766103298
5.13315553098556 1.41704329349701 -2.73381899807411 5.73508049213479 1.54973324137101
1.92652464779908 0.763461085421282 0.0294971428850714 0.361235355354429 -0.248666378574945
2.57658385941132 -4.49309235883736 2.53907388248227 -6.74992347224623 -1.52588003408094
1.17638862063916 -4.21348361074187 -4.28523678433841 -2.9094781052061 0.442239918752458
-2.082989091978 2.38393662653207 -7.84659948400289 -3.79938776813051 2.16530445737626
-4.52271865826657 -4.54732344492212 -1.26753579312767 -1.49280073799838 -2.30790975126525
6.73562412830382 2.69839002296963 3.35436623896212 5.32415957756748 1.62898484765932
-2.16890592520276 -0.360394315815986 3.72609437751527 -4.86921563378313 3.49454931091722
-2.68609774740807 -1.80827590603567 0.208850307596912 1.43145730364549 -1.7948766360554
4.44741675181317 3.19917940072926 0.4989673431141 5.10870252200607 -0.484791830507228
-0.455255964750193 -0.621130581741351 -0.201384145175368 2.0405906420854 -2.24523212011256
-1.91419375605992 -4.21794759884977 0.042630757067059 -3.44437190741233 -7.46084781291534
0.759294014045091 1.99091759894088 -3.2069797659749 -4.05809025807845 6.39985411538581
4.48151658613737 3.91961224795103 4.6414525434334 -5.74009455727658 2.52609784886503
-0.53507485034286 4.07800779038409 -6.87590594454978 -0.0227282917034755 3.16150109762029
-6.53438341345412 -2.9096285786664 -3.4346046522723 0.923233506727581 -4.05046899288672
3.77458274990403 2.71954037342227 -1.04564866347988 1.90637634639916 6.74211917146129
1.52178646800406 1.80978466498455 -7.36012221759191 -8.11287519706408 4.58590724993433
4.26966748447426 1.19354281097363 1.2601750562035 -4.61899237335259 6.20900469395802
8.68641084816382 3.96642954323683 1.91961666596202 -2.04633505190634 3.98546033031789
-3.96959735348862 -2.75118652456742 -1.02053074463008 -4.11354733229648 4.64405186704196
2.31527659195231 3.95364661534577 6.30187950065862 0.865499842872332 5.46777520675434
-1.47740254726983 1.05195673238324 -11.8152057347103 -3.21132541014029 2.42191872992558
5.10244405447408 -4.65249171057851 -1.94179579537795 -2.16431763482633 -5.15585533063231
0.621127255708454 -3.3712923303633 -2.37109034253118 0.806361658079005 -1.76097442515514
-6.39338526342315 -3.85491707484318 0.730772310853598 -4.16435142779148 -0.0237925178276646
1.32181943235771 0.857200296252863 -10.4497136159975 -2.62321663880779 5.17962810064035
0.386551180648656 -2.76170030073955 -9.93965691156351 -1.51982814614803 4.7673416818466
-7.11834640439976 -2.76738769815766 0.388435676238203 -3.33427348514531 0.257510922911989
1.48159461280037 3.14443245751128 -8.03903259995221 -1.86265481672101 4.22431313532871
-5.02451810442355 -2.90757023668513 3.26768254540832 -8.55560382223146 -0.517935085975959
-2.67267715560527 -1.89395626388567 -1.30217023437922 -8.17878980516468 -4.00681950305928
0.945203793730205 3.6818258123606 -0.834709548352728 -6.16761679740026 6.30480236913693
-7.04693380728581 -5.78577722324408 -2.371407633653 -3.14541340332556 -2.34246121928435
-0.334722290933963 2.84110641740655 -11.4724291749439 -0.934912554567982 0.0598020645555191
0.600516116533825 -1.6069283655472 2.88474226811202 -8.09415333082352 0.0864134901155369
0.632309464959174 -2.91247963151576 -0.646198158856682 -0.691081130592987 -6.06787683937456
0.153831787349012 -3.63343101515593 3.13985178100124 -2.60354902472122 -2.8939698862119
3.00480507433468 0.419347497728761 -6.65555849620714 -0.578016247495929 2.15786896306952
0.981674799611331 -3.12729350652155 1.14053732207444 -2.47772720041054 0.739993841148908
-0.881983519884629 -1.62381855437215 -1.47372647740958 -3.37757739719456 -0.42439831464258
1.77783408853879 5.99730814804438 -1.05272365708397 -8.55656558651055 6.23065243093832
0.49666449945535 5.09588988559796 1.5786304107608 1.31064548047762 -0.194601262814333
-5.41810947059547 -3.54032269127282 0.628036426201878 -8.29441665527597 -3.30822395044404
1.53322132261142 2.12172884420155 -9.38677391510681 -3.26650752710452 4.52006374513658
-2.45018696370995 2.52372667422598 -0.213926238572545 -9.03641806638938 5.22211863068772
1.3710808053173 5.09070469222733 2.62430208937198 4.21257656067182 1.03168715400503
-1.80320876464412 -0.851900577550178 -7.45345149654819 -0.616848667978427 3.31205069650082
3.12251124701536 -2.22214325063528 -11.1418846644566 0.0696225613760788 2.51718578883846
-0.441874429157507 4.83292645703978 -1.51676823807151 -6.1257866893354 4.65763437333902
1.57706835043133 2.08628425257198 4.11053205830131 0.111858147985327 3.00452324757563
5.00914008661658 2.36090157128638 2.17423771812412 -9.40683710381261 5.59712286881938
1.98887273992772 4.10057787401445 0.172266865316787 -7.68495826739098 7.13446876964324
0.0926103567791861 1.04553662901559 -5.73511549983318 -0.976480911691615 4.51250638850175
0.634314985085687 -1.89878862112799 1.22468591710803 -4.05359201483576 0.75103615425517
4.74252534352712 -0.00432925860905931 -2.08493640249946 -6.23815983275633 3.65742460009155
-0.892206834514035 2.07939594135713 0.0451136725160298 -10.4061616631857 11.2242863763989
-0.196154775247323 -4.40688679692547 -2.92811309304563 -9.56594471908183 0.951565399504548
2.38303590834093 2.97469011820461 0.352397430081264 9.04105136254722 1.20419516270265
-8.39761223517708 -3.9640399147379 1.50690140319753 -7.69888464480026 -2.55215558283433
1.5785977564428 3.58018157661181 -3.97930986492868 -1.62276810670991 4.30723618153842
2.21417994618104 0.920613642644532 -9.87935182761336 -5.00535333416678 4.98141359745894
3.11430484519617 0.107151409731525 -9.57432027815183 -2.16783328490989 4.0437685286634
4.01112315761224 0.605270502457138 3.55565835044213 4.3853079786447 -0.0879377584019996
-8.40052576353293 -3.226068620282 -2.59505128490069 -1.57550842395545 0.890856559170109
-7.55587294425452 -2.28921880465308 -4.86448375032605 -8.3339440256937 1.54429616436873
-6.52797408206263 -0.315894097946146 3.1654501426978 -6.69042640431248 -2.23021052138812
-6.58753228487006 -3.03639148064182 4.69180743909023 -2.37922976896833 -2.63298941598685
1.806858127116 0.409647385972516 -12.6447264028852 -0.926209864959842 3.34260310838483
-6.26564213715563 -2.72514846540002 -0.43854300470763 -7.22175119666671 -2.78947646873693
-5.08460932223484 2.37662815262768 3.68282649875721 -2.78834599865491 1.29861825035261
-0.500565651730778 -2.92776891247338 -6.25717797764887 -3.09428586664586 4.84200775896847
4.24323364128319 2.36113463732363 -10.9529110056986 -0.800548194141824 2.93208777673183
2.45515519740223 1.64944730624834 -3.82122833690798 -7.43516686307784 4.75494994750171
2.96263859493545 0.739785892991739 -7.81304585819776 -2.62296847652771 0.502285328854942
0.273070761973613 -4.38149549154445 -2.37882482312878 -8.03539403508727 1.62352427839096
5.06302892035703 3.43080594919484 5.15538582633099 -3.37589372535239 8.04210860759998
3.06996537537238 0.641648439480788 -7.33956150879334 -2.53375601432855 2.3674550883865
-0.162276074294084 -1.0595874517047 0.193408193463542 -2.84172794385157 2.706137491096
2.27879367196436 -2.67436120794358 -7.12351729032426 -0.458470639486467 4.1993800324344
5.87102710716249 0.467793726882928 -0.896807242352899 -4.92833361032353 6.31030064102507
2.7629331213714 -0.131176411617691 0.502484323162226 2.26754398540795 2.2160411723796
5.33672162004011 2.45093300513306 0.628796706885656 0.0609031172282086 1.16924178212646
0.941278293458569 5.00009725065826 3.06505172528375 -7.36298608803785 7.06910631479295
0.825345254521239 2.57027881108932 -11.1227363395864 -2.80842451826603 3.23617261383235
-4.38922303028586 -2.32374465889235 1.51001985083651 0.876699867525036 -2.36063802691732
-0.924224863185652 4.30880894357229 -13.5875093583567 -2.33088487443932 3.82391801876265
3.91394981940561 4.39225517181598 5.38782019665748 4.37493582214597 -0.0592404878159902
2.91905907459992 -4.13571380153062 -0.71146951385458 -5.9365991911453 -3.61548550774359
1.10183669339953 3.59926123239198 -12.1374967985233 0.565327970816702 0.054936270757056
-1.45984920763132 1.56899592456664 -7.43171988343194 -1.05810384363268 2.53469519311255
0.584102181229416 2.51706137064003 -11.0382219100157 -2.71329233539669 3.13728277892767
0.720032311961567 0.707787143225189 -1.39569514558473 6.08766929031485 2.17217323980719
0.840102692302199 1.33361751892957 -10.5684829308612 1.19431226378782 3.69956558808301
2.87131770986646 1.84967114344636 -2.34484128141058 -10.3181526326187 3.3698044231636
2.4459821759537 -1.44986662015402 -11.8436535086012 -2.61442492828852 5.62715186430644
2.18321182549147 1.08221322841239 0.0987829920473686 -4.13901361965577 7.21241563649663
2.01616733678371 3.92802031411031 -2.50092377653424 9.57088806567457 6.49357971129853
2.02667541057759 -1.5848515649606 -10.2610014845207 -2.5667828499832 0.787671844791231
-6.87370072674072 -0.0783094919839291 0.232101065071449 -6.07725080929836 4.92282373211829
-1.12170948545274 2.364177658846 0.223519138693812 7.68204963622556 -0.563967734161034
4.78796921270901 1.76151475655198 1.07357383400723 -5.51547790769245 8.32072450176062
-2.54473957642793 -5.32487728417789 -2.72175932826827 -3.54547265452408 -0.99230482377461
2.70124416653911 3.32503643406885 -5.78477122656976 -1.67178697387128 1.80202736015499
0.655757955310501 1.35374517823317 -5.8568378562375 -0.916245393434693 4.21912615679836
1.00433656188055 -0.776503091961968 -10.5522691021539 -1.3322557820866 2.35055374571653
2.37179320237953 0.890845111144016 -8.34599195682817 0.0176185250398517 3.55328871337871
-2.82186992844381 -5.53099302963521 -0.233867120082344 -5.39459020732751 -7.55484096583979
0.114557381325186 -4.33985443705969 -11.6792627762583 -6.55227448913839 3.93733322765907
1.50712157038878 -1.43701258021247 -2.66591693152939 -1.42360958009039 4.33109296228433
0.600833388963595 -5.02263357090629 3.42613246306382 -1.26586890494862 0.886346686477625
5.15930289905055 1.94510670927282 -1.87260894974734 -4.51821000973938 7.11623229159584
1.50424484509828 3.11607138691234 -3.94134046607224 -2.73251411682947 2.76525194927629
4.11132698022381 5.5246950405002 -2.55103798664521 0.817284609192387 2.77044267711335
-2.31524861395887 3.62966808975568 -2.45450532525208 4.10980192315114 4.90440036802061
2.08104054320026 -0.162380990193469 1.32770869581819 -2.75160957055279 4.65314700260738
3.37464351066025 -3.36638473650233 1.55715150521754 -8.35392995530729 -2.59894974398298
4.74159356460385 -1.32088419296596 -6.14626805810994 -2.8934107744685 6.83859804138642
1.93757485731274 1.95690582153729 2.69307944538338 -8.63396381581792 7.19963228615303
2.82491225873761 -5.63143332721714 1.161868767976 -3.54998293467332 -9.06938194574764
-5.97700235541868 -2.59663406872419 -1.39767621104634 -2.64589777194699 0.360629338392277
-3.26642118235842 -4.63513494346924 2.2092862781723 -1.58204619142799 -1.49027423973208
4.12484139867509 3.99426297582065 1.93464175712275 2.63960677845857 -0.358084380207046
-0.201160347744771 0.177951894448737 -1.30491164968315 -5.42079689270482 6.95658826584208
0.790613077122502 4.01347727534216 3.74225430328017 -5.24761939429174 6.57237228993728
-7.61038845002471 -4.8250751070371 1.95273437963299 -6.93799524371216 -4.42270006157979
1.28912248564546 3.38736069243401 -9.92517501698109 -3.67265144623516 2.22149593966135
-3.94325465681876 -2.56175766861539 -1.23979616581367 -9.68288681252466 -1.01631017573793
-1.53805506241683 -2.12846592007388 -1.45624032327768 -5.89516435366178 -0.55381092566276
0.6584333657807 -0.980806668623333 4.24389226326646 -3.88571575809143 -0.127747342362064
-5.03906967675777 -3.51370375548148 -1.23768611920847 -1.71603547008891 0.88572878142817
2.26562344477888 4.45718552444707 -13.1540898675846 -0.520369503130185 3.5217178203517
0.834814892235982 4.21155597861683 -2.14505090123323 -10.6812083092124 6.42450227362539
-6.24870922208556 -1.25083217421663 3.83740253146467 0.0384370330870349 -4.14580763417364
4.39906121093499 3.49137393101734 -2.61626553040491 -7.84753643421678 7.08676303035932
1.07955467536273 6.78709667596504 -8.27064638684094 -1.22254010097952 0.717751793230621
0.341640812914789 1.76012275930151 -6.95191567542462 -0.346025193774937 2.12132344036202
-0.458616067282519 -1.52564395771766 -0.373909258470658 -3.25182958560138 1.51109521621803
-5.40327296009873 -2.22156234019431 -3.94732794369025 -5.16812298041924 2.08149240984904
-7.62438000212982 -4.08940980195891 1.70160379717303 0.550109532221654 3.98879752695912
3.65820648663447 1.71033898047681 -2.74948755420518 -8.20400000749619 7.42139211044218
-0.436304831536221 -0.82576994480682 -9.83889523698411 1.67941913955893 4.60088633285948
0.174394114925905 -6.15411060721962 -4.63702397804942 0.63120830498718 -6.79654962610889
0.425209164445461 -0.250142230960329 -2.15808482485553 -3.2190112739529 3.93112778253574
2.9435248563047 -3.87940246901537 -4.11799796756502 -5.79897545875228 -2.68536398100187
2.77423662084176 1.78750766157012 -0.654358008088074 -2.85360488266674 6.07879888447397
-0.0748685799404623 2.29001338208313 0.475099123420266 -5.49254724122304 2.69553306751323
3.46639389763385 2.00416903635005 1.48594942465532 3.95380500151526 4.79210360740545
2.4727724217584 -2.72940370106659 -1.66824702807712 -4.27425346657117 -1.28997067447079
-1.34563356471543 -0.0511009625605414 -5.19719219711185 -4.65474158249788 -0.714589830779625
-1.35099556362597 1.20735026551456 -11.3946739386351 -1.31169274611061 2.27355984638183
1.03819527879419 0.6295269816782 -8.49749000758487 -4.49671392765336 4.49428750848998
5.59179495171663 3.02594687447577 5.46560630196781 -1.49803068253684 4.64873229100891
2.94744537350402 1.23618286226745 2.7564154882826 -5.79804010095077 6.71746011271817
0.816718606421545 -0.909965609879129 -6.21196479258722 -1.58369199519975 2.55713742076349
3.16444476969387 -1.27391000292355 -2.44451891837625 -3.6273731455534 1.2389235083718
0.511569501038719 1.93980620086714 -6.93474757101661 0.318580799605713 5.79741565871752
-1.16219677161392 -1.15772985339247 4.72757054487231 -0.529259246442497 -0.34208918345124
1.91252962850587 3.02357477151175 -1.5000728663996 6.75429573823942 0.134327588899129
2.16187043726982 4.81171873495483 -2.71648635295103 1.10660982359313 1.35622056536711
1.83274332164479 -1.13184684082309 -4.04049408282712 -4.67458657277069 1.73480354003745
-2.98165845705849 -3.55242657862448 -2.51300863762525 -1.53050226046902 -2.74701561138211
0.907615708324627 5.17847321041807 0.937930695145143 -1.5890806323151 0.520995097971615
0.950568218180838 3.35597925204785 -1.58924197327861 0.100183786730049 -0.757153230887462
4.38777676073227 2.42290234802447 -1.467402943308 -2.17277224740543 3.30066511421933
-2.45109193851156 -3.52274767043873 -5.57982835897532 -6.46430440165148 0.368034019411558
4.37577054167096 -2.14728803338687 1.04892935845995 -1.72704326083149 -3.25993520267542
-0.389958301695418 -2.61211457031164 -1.69405973301306 -3.88661221882064 -3.34936628942163
1.5753212122575 2.23873285077829 -9.69998644228391 -2.77609947201588 3.42518898179135
3.96180035506069 4.03291893186131 -3.30836244254959 -4.87240615867761 5.15495247446066
0.166709015094773 2.63968962328722 -5.16698613582694 0.134293863758828 2.18903359086794
-0.412811663192977 -5.27222995370213 1.84274112750741 -8.88773184711038 -2.87685650488507
-4.68922236496982 -0.894546640829053 2.38384654267976 -4.82793410272091 0.0946474440090532
2.50254966895001 6.49195439320385 6.42716799449244 -0.188671667447057 0.90761898575711
-4.5255589377544 -0.0548170157648085 -2.20924965624572 -7.74387287030365 3.04301149533232
-2.15324450909624 -3.70791927758554 2.22000336329948 -0.598962758897442 -4.55216655707707
-3.6691499254933 -3.7141351235864 2.1095834349098 -4.19031316436216 3.09896369458393
-0.00457867110327426 1.62601852351652 -9.37327142000005 -2.13581695488056 2.20069903845066
4.31010661675563 3.52201001115832 0.732899590231517 -3.28484986652871 4.8208209871885
-1.01998585374757 1.0690181622948 -7.87663131914965 0.28921161466199 1.52549941454348
2.37630994210061 3.7987035969526 1.10269925556243 -5.09533512683456 3.81232818849064
5.00989415067697 4.0974332462026 -5.54652084792239 -4.17720848555902 5.85113038301663
-5.16628245489323 -4.62019417005125 -5.14850632780094 4.63249367387963 -2.02982672722414
0.55413382431184 -0.583758128680343 -7.4842529338125 -1.17070249245925 2.76390665437121
-2.47085924460616 -1.89153422373793 -0.924714184460662 0.773412883789158 1.09018192037761
-4.53548775800506 -3.02311236759151 -3.36940647205512 -6.25346007109775 -3.24192286397115
0.795356940214492 -1.95753954884762 -0.175698647819289 -4.06093406278163 -0.678115095399009
-4.15385735888444 -2.37854915183361 -3.59768922716156 -4.9463529861633 0.575471655855881
5.28924617662558 6.60647933429565 -5.47770690253068 -6.90069563599155 8.5318781796208
1.76463459599011 3.28475258310953 -3.89691604264222 0.496514577527913 1.69122854041467
-0.483857949816121 1.91282099804162 -3.37511266796741 -4.63856532956479 5.16650787685494
2.17427020320297 3.71776710080882 5.25324996685103 0.700910440054553 4.63884182111268
-1.47147906182477 2.95296270769301 -12.7377116744891 -1.21675038131522 1.88897989765743
-6.78779675891918 -3.01974532792632 -2.89789091692918 -0.0728141736113859 -1.76198143442287
1.46155819029965 2.30825099681355 -5.24611786476546 2.65487008539622 1.5111910036549
2.21520021418498 -1.85848761278911 2.26789647057799 -3.47546648272821 -2.16518518144844
1.48213118654182 1.32423090318914 0.897321502927865 -5.66097378781885 5.33013457261176
-1.29877786082716 2.73472440663073 -11.4083240942646 -1.75673827375293 2.71165893792087
-6.75785282950254 -4.26619717719072 4.07195900606496 -5.06928100593713 2.29553133139716
-10.0768034774639 -4.00320227789348 1.40262444815917 3.20252482726972 -2.87594840164238
2.55868306757384 0.752915429433913 -7.5504723183419 0.0962566179562285 1.72272734168444
3.75638454355248 0.584179298529276 -1.78110597711983 -5.87382286652491 1.24036732269586
-0.614398256341882 1.08659273944248 -9.18149949652872 -0.270119709714898 3.67384405188903
1.6853492103476 1.59958517300642 -5.45603789465925 -4.78766298940297 4.22213349670197
3.46698842407305 1.5956527517272 -12.284096041028 -1.46797532169472 4.83545010126261
-3.36629287155038 -1.16520878143676 -2.1319517099382 -1.17058322420555 -0.311952506073406
-2.03247847974337 -2.95026789549587 0.419865282318873 -5.56160013074009 -5.36232759363352
0.883775561517518 -2.47358750352656 0.679109642715831 -3.55788007194009 -2.85679305453028
4.87861290538865 -4.11642617470342 -0.637271362334344 -1.53583349569184 -3.09966005567486
-2.50494653096449 -1.39136129716726 -0.931008618026204 -6.26764625642855 0.648008933894726
-2.90545768112908 -1.23865015728369 2.431737054797 0.593307392071289 0.485945271184413
3.11081571110055 4.0976371302705 -0.815135528159036 -3.17357164306374 2.85454393405262
-2.44132979328798 5.12736299714074 -7.046795562264 -0.0881523166087115 3.27133058668481
2.38570029635202 0.698730563094429 -4.43467181020868 -1.81346335430212 5.02348352762604
0.802977158139155 3.1265701603074 3.50877770639696 1.94114287961485 -4.18468712789746
-0.431589154078392 -0.18461703665484 -9.3236441655002 -2.52628131859677 2.69529381686996
-0.926581337892638 -4.53540890538439 -3.39314002475352 -4.80626026513774 -2.18684528706626
-1.46157522485947 -3.39585524697892 -4.4766879084302 0.780819880688742 -3.42863244346772
-6.22606114868609 -0.258090514594147 3.14558429797915 3.40129530124495 -0.592932094240333
-0.86523458466433 -0.756399768426461 -7.29988785723004 -0.735116289330275 5.32411470143876
-4.39644595226439 -2.81355286258879 1.78881856940243 -2.58162881910412 -4.53262235450619
-1.8658891197141 -1.10433506789204 1.07329048977451 -9.02502199498082 5.65340175518199
2.79725551112512 3.63648573063823 0.43670686417335 -2.63429943083172 -0.89588014555315
1.38328478905451 1.55522909083974 -9.86059960946458 -1.68118305179967 1.35864492128791
-1.15523047092817 4.73691711798046 -10.9049437563169 -2.20384666733414 3.57209852267496
1.39240239712938 -0.196768244972158 -3.37848046799004 -0.179735703699009 0.447163617450392
0.820863634978425 4.35885140496707 -8.86928355863514 -4.14684850670307 1.92161032191998
-6.32111554781222 -3.18402396294119 4.2113416116082 -3.28424939952697 -2.29535570032939
-4.44789730067798 -3.98921832920903 -0.673789320905251 -1.00636837894804 -1.02730902336827
-3.3722977281959 -4.59496976358385 1.05569105269093 -2.05830806958889 -6.15837104713017
2.10457065383559 2.2955088195043 -9.11640205911046 -0.677253481481643 3.06082066936734
1.01878915876589 5.50074363330447 1.80562347107053 5.17353697453186 0.396433699743722
-0.133917320303059 2.08655862333551 -11.9849063944488 -1.65321553413683 2.07424780263768
-1.3597789298004 -1.1411837559266 -3.40973131266482 0.305017582912867 3.65336325271823
5.07118628783675 2.41431099092628 2.33861790399854 2.65179890770936 -0.651808248036267
-2.60116883098438 1.61067493875868 1.21830503001219 -8.9734957737272 9.16013833768143
-7.82920159060129 -4.0139327415263 0.350211825264349 -0.605864437937591 -2.94699099710174
-3.4927914445991 -4.07130583977807 -1.10027253201979 -1.16781661111537 -6.07536608755865
0.623166648009526 4.81886361413001 -7.73589160841312 -2.87478889586405 1.29164348243622
3.04064160110627 2.69980862541229 0.765026986823651 5.89303521180996 -4.2385077946152
-4.55096685803389 -1.53036389687687 -2.02554677203301 -2.58084476971222 0.918218010557291
3.56813657554168 1.91869964608358 -6.004615639469 -1.64157427649878 5.05404209572313
2.36389836563586 4.06076377211115 2.32283278139256 -6.64753972127816 5.54230218850467
-2.05305383067415 0.92985314254367 3.28435617761563 -7.03610846570294 1.96354462466153
0.878343452532246 3.25347677877626 -6.37680035107139 -1.18653190974499 3.09160064267418
-0.965408226046249 3.6960343982629 -8.6283653115982 0.291051927015699 5.23081716849496
-2.23805247420783 -2.1060940751712 -3.95539366405813 -2.83764832363279 -0.384043895520621
-0.500895934307731 -0.478987389803179 -6.38026236942978 1.55620036693835 1.21644471814365
0.528050033388395 5.29365992950576 -12.3346659672158 0.65715668732572 3.32894193717631
3.51725014350966 3.09164121753207 1.47665928741339 -8.05295312606889 4.85149413414788
6.31752777493254 3.05397579315095 -1.30959572626231 -5.50725308466817 5.07532715920134
2.00219991070065 2.39614344614019 -10.1612581417642 -1.44078306221461 2.86227444597858
-0.284771713251471 -4.63502955930863 -3.55496032717573 2.0011207217516 -3.90327972394732
1.9308098180957 3.87407715600022 -3.97670166310883 -1.11276014885649 1.99533696967531
4.73327574240732 -4.39588539326999 -0.583339837568265 0.641478087939855 -3.11913485059147
-1.31053430768559 -2.35088683430361 -1.65832622362278 -5.5583890270068 -4.08760877150318
-1.85711124406959 -2.87095921766149 2.27316660052031 -5.04882848035296 -4.39218870862329
-1.80689929372541 5.69995717178419 -11.4432737484526 2.99580111031247 4.80680388617992
-0.0776768902270271 0.20704978814711 1.45244199519534 -4.5901512849147 2.6340239044616
0.741724159408579 1.22083687423011 -1.05449940889835 -2.51500183677665 5.42833920443719
-1.21056975706681 -1.42089056628001 -0.331421298000152 -4.0050114147515 -0.784469756889421
-12.8345052616762 -4.34734181975023 0.272013059512347 -3.95533462235611 -3.31261091448219
1.84801210502756 -0.116530956901851 -7.4609908724429 -4.26844523239195 4.09040399500632
3.27179452509485 -0.699949086915633 -2.26074587573752 -1.7448588089114 -3.2001282114956
-0.0229535479583627 2.8485151568177 -10.3369293462437 -0.942075281263608 3.52000437122846
-3.84557226072944 -4.51370060089039 -0.616102731862398 -0.384794294916809 -4.00294015523099
2.4095949921165 0.0128801847138547 -7.01518200087292 -2.02890947166386 3.01739043248822
-3.11863100365494 1.52972999234689 0.956733206954904 -7.37903116946761 3.85717132301459
-5.89856800058679 -3.6589778653414 -0.00666778889773467 -7.26431418333645 -2.24406727358433
4.06064143493422 2.50100630390464 -8.44367784926101 -1.11749115403319 2.93676471806726
-0.536025545001547 0.999964152197593 -5.99798822848573 -1.95912296172722 1.53189730167447
-4.24572477380445 -1.82538955976455 0.123713888859706 -6.60071931601838 -1.05685643092033
2.02999007505711 3.32627725562525 -11.0608253080553 -0.774035054676415 -0.0551616466276084
1.53846821515939 3.91531908775789 -4.35760766748098 -2.04464494329923 0.740899409792646
-1.41250272852672 -2.40498034762763 0.65810367868575 -3.42535701466653 0.165917476847923
0.185629245277549 5.6856737677439 5.09356998847277 -9.26735577407346 2.70349124578313
-0.367715219938965 -4.7807299475477 -1.89544407877714 -2.98770040373066 -3.0607349174678
0.74443096464895 0.491511224782937 -1.61862840718292 -7.40401633927554 6.94245990705994
5.18225964743559 4.50399601907639 2.1475703393004 -4.89325695938069 7.94368727715557
0.899016250234755 -0.485075519103449 -4.67861229249375 0.188011637364476 3.73768775184142
-2.15157547960839 6.13943056106859 4.91811648659509 -7.94232254792358 5.21554401242383
-2.81186033968207 -3.24474074552514 -3.19938888254983 -5.18219085200262 -1.87491701033958
-5.20923590754392 -2.21392691055963 3.21836498122355 -4.1789105231291 2.92369142426265
-2.64116921112882 0.551529520240248 3.26289816363483 -3.68492692253255 3.3251041024253
-1.81377348014327 -2.83084757466071 -1.27945097195876 -2.12859630863531 -1.88898819291176
4.93427820977098 1.04397736062532 5.2196736596458 -4.19930718156223 5.84574099793376
-3.17629575585166 3.45325713048005 -4.5164685195555 0.516899212648384 4.51269308344079
3.08702506565208 0.647795650462656 3.03828702115939 2.35327323137494 -0.176990025741148
1.8686723472172 -3.98652092238488 -2.3086139822648 -1.00097002908729 -7.67841558188749
5.90137084913135 2.49647998736375 -3.43035513135016 8.3094849070327 0.177698747994422
3.37142913099522 -4.22341470186411 -5.54236671726685 -3.40651590888524 -1.26343732867933
5.20233421879274 2.66461184004761 -1.91442236725018 -5.49665102358627 6.85287814661472
4.32670677755736 -2.61928237254134 -4.7945410250705 -5.24606225259672 -2.66820787021033
-5.75193615283922 -4.67277764233217 -0.00531331648139366 2.24882696461769 -7.20504737356417
1.42856797797455 2.80223635586603 -9.89175842194023 -7.20334635961025 2.39788507089476
0.272972152198321 4.30772846824034 -6.02550055367914 0.784136288544725 2.90855586931276
-3.04083637578608 2.13853668976012 2.03434691236926 -7.62047974370474 0.0464397006565038
-9.98971189466881 -2.63430480935817 1.02930939217683 -4.61273546348933 0.663019180671519
2.97337637093958 2.03634354777198 -0.068485005008204 -3.03137372544833 7.08174570700979
3.12394113892058 1.32053095438522 -2.38609546953338 3.28210893864079 0.885089656314575
3.23333618526163 1.81407893534738 -2.15665855653095 0.37661016743819 1.07718557586055
4.08433676313866 3.94461656545268 2.17694840175359 4.18038421930965 2.72064013896411
-2.61583444146187 -2.76910873786707 2.01941381598826 -1.16242245606863 -2.06158401295386
-2.32512511116173 2.82664051326212 4.74745402994798 0.743244254167494 -0.0469016202152519
-1.87051091856788 3.50549680483286 -11.8237809386978 -1.37946870185181 1.75296333201946
0.0040588091318855 2.99994127344795 -4.69791322458665 -3.74788315893344 4.35181225896658
-0.358708775604125 -1.63896081875048 1.00860766972538 -3.90638422526301 1.51161205165015
-0.430206796704422 0.183770416131268 -4.98409605591067 -0.635638392422354 4.37341914730228
-4.50979306774548 -3.08988650923628 -2.27897074873167 -3.98412241149845 -2.28102095551931
1.48009897989807 2.78389028853554 -0.123037653686497 6.40547458782771 0.665408685364858
2.69683617015386 2.21205126291303 -2.9022856926178 0.397936808435349 5.63497517463177
1.22228904001864 6.04892243278226 -11.4209808192536 -2.30361251440516 3.60530496786674
2.88430382138169 3.59413729923586 -12.9134619943545 0.745052451951033 3.91689028507934
2.91361578810527 0.298893802215961 -9.44167613003001 -0.918810015099524 1.43736272825073
-1.58103407290096 1.62017095049295 0.643317186496016 -4.30668205585597 5.97803875282527
0.203160012511823 -1.03976913795049 -9.29237077334806 -2.72220834423981 1.05504019978575
-6.15913538077057 -4.11373536893306 0.983413730958342 -4.69365495988354 1.44308990592315
0.479477181597265 2.35531477521775 -4.81982312439952 -0.841822829041928 2.43349956815782
-2.67585329725717 -1.30185765433079 -1.50737666447406 -7.85029517241731 0.24929135062408
-5.57329689997875 -4.94652275242563 -1.54420838721699 -3.73429951216083 0.0348070428964817
7.52326758751557 -3.17105766786291 1.18246347309336 -5.61327602308045 0.00551063476563129
-5.71630704817372 -4.87927068140553 -2.36296821145968 -4.65168143963969 -3.07675734659166
0.558709997424248 0.68887499651436 -12.6222701403982 -1.52559983562322 4.25517130414791
0.0212995864674416 6.0123951892975 -10.3423891259831 -1.76218926943735 3.1574108619431
-2.93426635640087 -2.74842131758842 -5.13689303393537 -4.36941392249399 -1.51810033116645
1.53252002398771 0.831562080994117 -9.28761074622639 0.105472010696424 1.28075736735465
2.64901036411691 -3.93975072169238 -1.50198417802747 1.3934517169105 0.420152215789342
1.36842068865052 -1.22913127903282 -2.53506994720742 -0.140196433395398 -1.93880105783265
-6.23797666177931 -6.56514534596867 0.105408099631418 -3.15339115160711 -2.29764350210875
1.89219941127999 1.65028561155951 -3.97290022597549 -1.60543645347588 3.18109957577525
1.82795030766995 0.809137754151707 -7.23464756552034 -5.39398380917505 4.83446552567011
-0.0885582502467221 -0.155233620625974 -9.95995633371892 -2.28896179542445 5.49511421168477
0.388591283761765 -2.23036235774229 -8.68214127409594 -3.05708891185941 4.3460168829493
7.29310175203362 2.77426711205398 -0.129099098173639 6.20442281992855 0.843651599350221
-0.990565202840526 -4.40076370309624 -1.27271725589103 -6.20185224264632 -3.98714414573035
2.03491448129999 1.32271686593505 -10.3308863025257 -1.05640397489576 2.45960325274141
-1.80212893005943 -1.66688075197156 -8.73451997239273 1.39830382100644 2.89724125205916
2.59719448470196 2.65904229669542 -9.70741733966667 -2.01356395431598 2.64391721760195
0.377242642953045 4.4451995583734 -7.25268226007205 0.960582601228041 2.31276190587748
0.837842791918698 1.48760755452175 -10.2964422108692 -0.771164578516861 3.53738891620591
1.10088923980246 -3.71366905785126 -0.154539759578801 -5.2271354243642 -5.47994833603761
0.408662675867034 -2.90023773044932 1.29795218207072 -4.16804010488246 -4.02387900297988
5.90446500117398 0.707230693198312 3.04165191843276 -3.41456944265407 4.16803310179864
-3.42539530471919 -0.621189250176413 1.12699346279204 -4.09051950380496 -3.644055904168
6.27015861838563 5.20885835535072 0.106776010396325 6.54064670446325 3.25461860275879
1.799244589048 1.71305754039202 3.22308340958508 -5.20141389478884 7.36674564709248
1.52955756870917 4.10749046618128 -1.47635904829338 -8.83613895476198 8.418953867744
4.63575684290622 2.35483850578566 1.83801097512512 -8.23518526406661 7.49408627734971
1.94169327510486 1.96061873087147 -5.83023167801702 -1.59777624996444 4.74108216743956
3.32236295451534 0.904540291089339 -7.48491637820548 -2.40919343350676 3.54773576815289
-4.22838757000504 -4.22990361751153 -1.32903409924949 1.72625368816526 -0.487785064436299
2.64312964735776 -6.11630234195563 -0.320974139404682 -10.5880992141159 4.176166115803
1.36829677810418 3.80565496053143 -3.12003056577745 -0.395978646398217 4.9680972217153
-4.2243318925722 -6.70052164749215 -2.88078941956277 -4.37572113086283 -3.49393189186856
0.622442410299175 0.27848539716993 -0.978929204239972 -2.2918199183279 5.76155668867333
-8.79905002733468 -1.97393496062519 2.39967700498028 -5.02933852779193 0.362052925620789
7.15749423689607 0.889749972740755 -3.34017082323783 2.53588536373048 1.03220612889709
2.25239611199807 3.79674258530013 -8.49810160202421 -1.48353644603197 3.10816853611992
-2.44658064398261 -4.16506150868726 -1.91819838620585 -2.02994573119786 -2.90114881389051
2.59543814198902 3.69120440478016 -0.563721360049383 -6.11722985628662 6.61713537164283
0.892001911718565 2.27903420626361 3.44217887017405 -6.61225906662165 5.17849359648352
-8.52726013838505 -0.967521197591982 -2.49289547330873 3.23414335350198 2.85871952205846
1.20622379889826 3.92531516113397 -0.881914904392485 6.04353688744 -1.0521732258146
-4.27708718094373 -4.34341230608273 -1.52732363365198 -6.9063485125242 -2.63061034457121
-0.680029540776143 4.11227511404044 -7.55493190477551 -2.69399587407659 2.33040615638565
0.075122184526577 -1.45313260242002 -5.20816577500257 -6.77188458329016 0.488948775133682
-2.56631744589576 2.21669797826174 -11.8343187388318 -0.935611444914663 4.93418193732626
-2.37032404740102 -4.46469962884782 -3.16718539069543 -6.1956327323918 -3.83235142552953
-0.134587279296088 -2.78022469136948 -0.262740931625953 -5.98197752985334 -0.915725938917495
-6.00850336686634 -3.09094441122351 -3.96164996446405 -1.47314707383812 -0.559990474799549
0.963335116313137 3.65739078267684 3.19817645054133 -6.40080008820607 5.0279990658019
1.26353963456908 1.72129794598833 2.24791902667414 -9.53735881907722 7.03445835539872
-4.02214465932621 -0.189346561160746 -0.571644167552052 -0.609340541703542 -0.221750180089741
-7.24296527374698 -3.28465645907832 0.536159509419956 -4.5901628700522 1.41373745046377
2.3225979507135 1.56212452389575 -0.825833009448794 -8.30424567921537 2.93186515536658
-7.03554050146359 -4.15809852240033 -2.1146960009102 -4.87258140785274 1.30263735042013
-1.21589046621726 2.27605451453668 0.106219664734525 -4.01862642422234 6.54961651670068
-7.39613353944961 -2.4139370932453 1.19558453419592 -1.57128291271275 -3.29939435976577
2.09076391259242 1.12826280704031 -9.76970041425801 0.816751342407015 2.9136665341659
3.77386574216233 2.96537072895697 -1.45636392985506 -8.48566005682201 6.6111681009394
-6.50496425747078 -1.73270335513901 1.79424570899375 -2.31794371359206 -1.51829729688726
-3.97089407041648 -3.77459965037978 -4.36647520074127 -0.148423824199565 -1.97216921901594
-0.553957603733755 -2.00588560848218 1.04442809375379 0.0955355247501561 -2.58775691848414
-0.703584330270254 -4.3957132484692 3.35923948419183 -3.13739591833977 -5.0111871372425
6.53260362250604 2.27334403919863 -1.64158588477104 4.06909104942323 -0.283330812734462
2.01966759054006 0.129625842443407 3.15961597031366 6.07101240958399 2.78016797143338
-2.81320848319238 -2.49177139031311 -2.40684034708718 -5.63918143550503 -0.938674909719216
5.7837976899229 4.16455914572213 0.820297297955338 1.52665186096547 -1.23314180691901
0.383787619088668 2.16217545106314 -10.8474965909015 -1.73261487742471 1.58743527454303
-0.448806091690652 4.08959360255137 -11.4428184574914 -0.856592061112678 3.30554060561267
-0.168326280477583 2.9162581489155 -8.30381832457525 0.0506510319519129 2.14064308086147
-6.53179860436536 -4.90611577267978 0.627815957639469 -2.12825735102457 -3.15088088259616
-0.18035879696509 -4.14926705088318 -3.61936454962889 -6.84091760603679 -2.57457365751188
-2.84156889850801 -3.99374244254013 -1.03683614351854 -3.71742913483585 1.09143788401449
3.68043970252884 0.477054888684537 3.84629109943585 2.61425923420157 3.13886687736155
4.32964319752912 4.19142160284837 -2.8746727030251 -9.39357279134543 7.31422299200357
2.23085421867312 0.872664542324381 2.74221649091665 -6.21443977647625 5.00782113712697
1.03156567269667 -1.06815803805257 -4.41536534234407 -5.35933711557221 -0.333975702162989
1.72475273719168 3.09899616321991 0.930128555935788 -7.03254436339207 8.17505547832788
0.281024448210216 2.25173395426156 -7.46077219496548 -1.42069936240246 3.68585578253216
0.551975461958678 -4.43721190714882 -4.1044436938934 -2.98078416985182 -5.40962135572499
3.63324911882415 2.79778713659148 1.2570632363503 3.98474168093764 2.26002202255332
0.911976911524065 3.51087744810757 -11.7509437705888 1.23190085664906 1.60735916429398
-3.04745146823111 -3.11029189518721 2.90946983066201 -5.73060068024658 -2.80348524602727
-3.41016775606852 -5.99357720026197 -1.97150034132216 -0.770771698296308 -3.73187339409406
-0.360344427357469 -0.761724958214954 -5.37265195468439 -1.1944423527617 -0.0777297282149412
-4.20769249173879 0.414039115657838 -0.769733818768896 2.49635063715517 1.15510025801934
-5.18102918014 -3.91162257614257 -0.246961842941112 -3.73515112438899 -1.1749124106246
5.07829002417845 5.78662405178691 3.27458467052333 -6.51592528125646 8.48080913485998
1.07515802988987 -0.417874164958656 -0.757399255013281 -6.48698784832955 -1.88184994091022
4.28456536284577 -2.09511945266829 -2.26157119251058 -4.61348612654945 -2.85173766053138
-3.59517142366776 -3.14928907131494 -1.87514263737313 0.865273535506883 0.97631574152193
1.91576728327379 3.27644106430076 -7.89677487935808 -1.53122313567182 2.90770022273856
5.64209151815966 1.38225028532105 3.05243592944869 4.84441412170674 1.0027594461122
-1.1947846881265 3.16865671390633 -10.1918468345373 -1.02988047079408 4.05084131942245
1.95704329094985 -2.93215343716497 1.85519866212933 -3.76830226113586 0.502530075207391
-2.11763255464991 3.87635503351807 1.93822555607438 -7.49451988194148 5.04767484064879
0.626382085614676 2.91005618444017 2.82052102825978 -6.93008036995052 3.8117969038187
-1.73638946220772 -1.60857888369429 -3.55291935463743 -4.75668227110454 -2.75778869343984
3.46150489973178 0.61067119014664 -12.9766432423139 -2.71974238035502 0.624302425279095
-2.00528294732876 -1.32016578801645 -2.86966640638327 -0.0584973142645056 2.6999035211128
-0.510921499424839 1.5010609864013 -14.2437269640431 -1.17407849285973 2.72007694658632
3.51966354741967 3.92797077034807 -1.81305388590107 -5.31716727462786 6.58256385761293
1.54788682422841 5.32712592693626 1.80753248572594 2.17530914655067 1.68018732909348
1.24761716904514 0.522458807092682 -10.0125776590554 -2.73422165828385 1.66527981872266
4.66387784158586 2.79721485824722 2.97289834447868 -8.23852652178565 6.97997291191504
1.45832243214727 2.35625190108788 -4.30484681400481 -2.85596622413086 2.65450831596475
-1.45031308891776 -4.15332597550574 2.78793085353226 -7.59286887000784 -3.68304736951176
0.449033718014437 -4.2780423036452 0.907662458404035 -5.64597012101921 1.4866126132074
2.74643133457705 3.28570218180165 6.21589896457267 -4.84831407554999 6.34283278271268
0.481540275393676 -0.607057821631665 0.317862563241367 -3.99738485591779 5.31091814289063
-2.56075650542967 -0.309071524213518 1.49616286364334 -8.45198396019207 -0.276958741324135
1.03981402854838 2.85701748713547 2.81623047504926 -5.95226350045543 6.00624425572063
-3.81705026266521 4.24599397980708 2.23655774940257 3.87576628999496 1.88836896570173
1.60813862900415 4.7645928196883 -8.14091395029538 -0.455267834421012 1.77168068414229
-3.12037289825142 -3.35450756148043 2.49631164277463 -4.38176967930097 -2.33763585779687
0.923034822439444 1.12437537348541 0.747411162389043 1.48073843792095 4.36826466351642
-4.39641593068202 -3.41037689484848 -0.642290747126229 -2.91284862721365 -2.92145168870461
-1.94418272442277 -1.65039324725717 0.474890069572944 0.690911721369216 2.43428793399443
1.05113262620665 3.71593549657542 -11.8551076162777 -1.58933601939986 3.56271631504207
-3.37464289563283 -1.23500260144387 -3.19981803828829 1.0184786608498 -3.63666447546172
6.69053548431967 5.01471675826488 -1.13912807724689 5.9893737204583 1.56779390966949
-0.597368032374492 -1.35845052515679 -5.83797274349314 0.841472259401532 3.48960718728868
-1.20156843284481 1.42482599825618 0.926439288875652 -2.12379895201536 -4.31713214486856
1.73590729951292 3.49317150979896 -5.45357731577349 -4.03879684883837 1.74050007489583
-9.03332284816117 -3.12537683130438 2.50185054064543 -5.74003494903534 1.22502209876179
0.202558566632318 0.72017787346899 -9.9556558295175 -2.83210364590188 5.22383426722251
-0.140753711277712 1.44466728336104 3.2698492795408 -3.56297354780259 6.39096364502008
-9.98298234443307 -6.29403702626173 -1.97114784709188 -1.23433051521024 0.589823581773979
-4.17997683396701 0.828157260091236 -4.70093140304543 -0.0824173000987818 2.84376952840247
-7.11921377921015 -0.446583116659599 1.03097004754144 -2.8028209098747 2.14426033531059
10.2865294360843 5.00950494434256 0.978670831988541 3.82172421217106 3.49034875111584
3.25709732446636 1.18090701357137 3.32376319909223 6.14490917380256 -0.0146173938194754
-9.98353192590943 1.27030979198342 -1.10976118584495 -5.8148475962341 3.70505484622845
1.67384120475521 2.73469287732749 -4.63814256188759 -5.32709973100665 4.39467066657988
0.394061132360317 1.18909046697246 -6.67315159266013 -0.601340767014858 2.27338244755441
-1.44018902961454 5.43739826147588 -11.9331578238007 -3.22914205079473 3.19627269690634
-2.08252468528101 4.78251333174812 -11.3286061671622 -2.22580127847636 1.31829638728712
-2.12776340666544 -2.38955738430195 2.07336178945487 -4.86671058442752 -0.505274381009176
3.06362965036184 1.01081957936033 -1.44094301929852 -3.45678148224027 2.91408917517061
0.0101741657490617 -1.54401809316797 -6.06560793709838 -4.28403805565009 3.37015061332663
-0.142583212479831 3.00438636723417 3.82077543314181 5.52748169718702 2.96762085435288
0.665891948660282 -0.846157475779816 1.34329748090418 -6.74000956234439 3.59262081740445
3.54785867750086 2.59652675598801 -2.37502332168363 5.97132839593364 0.502256192631839
2.38477184394539 3.73424135306999 -3.83055697010804 -3.15123571916084 2.76660746547424
1.29016680662278 0.553035029987583 0.76165878558011 -2.65742419171861 2.80338666767206
1.87369564879169 -0.713137487858176 -10.4848067077251 -3.23520704820054 1.34766822905515
0.37967769520826 2.77732445296162 -10.2372577712025 1.96523192586709 3.21481107774478
1.01499006046345 2.70364713961471 -4.12929997200517 -3.83916778132911 1.16203255559696
-2.41107645783957 -2.6105136708061 -4.03857110720691 -4.46730998468477 -3.78120041929962
-0.134357321842252 8.60137036427296 -0.00753330984756673 -7.01517507962889 -5.73387385835965
3.07005611501996 -6.11772155352505 6.96913988532765 -1.7976262770018 -6.97428588925755
1.46234295257421 1.91206825433916 5.35381858908027 -6.92012448619154 -9.02762875471129
