x1 x2 x3 x4 x5
-6.05459026773293 -0.00521185148974812 -4.13223212623122 -0.938206701117995 0.680744875467881
3.94197572128849 4.58888434006077 1.09780961664168 4.32738513987035 -0.0768149532147699
6.37571891594904 1.49018186505886 3.85892674064533 0.841865185782039 1.64795841134964
2.94754190561853 1.14715276050612 -10.4318369150435 1.87063545739419 -0.302397276115411
-3.51613198622298 -1.20247936899758 -1.51937617236568 -3.75642138175654 -3.51799094871037
4.49849334677757 1.18988593769511 -3.01512293085272 0.574047485638049 -1.77322203702283
6.8800544157327 5.88384311619149 5.9973051919742 4.33041670567679 5.15417718038374
6.67365878219883 3.33037416129412 4.67590780940314 1.07550585858721 -0.312551850521664
0.145933437862652 3.25358248072879 2.36847647525044 1.34670599990664 10.9167028654201
1.27813845738919 3.83518418790466 2.14644013270515 0.418546526008833 -1.69571347324655
7.61342578955869 2.92263936262087 -6.95774211507419 -0.276233953137599 2.16616638626723
4.50912126256346 4.45778668392095 2.43284302281001 2.644228117943 1.20507277936202
6.63832831917728 0.38868640901407 -11.3678034717941 -1.22012088880324 4.30979078262605
-3.14924181789812 -1.82081328244314 -5.55558205510334 -1.94299567362606 -3.49865619081867
1.257957568597 0.231647675198563 2.24130757625755 0.764724713736606 0.508276204895248
2.47871796370616 -2.2760541166379 -2.89989002492762 -0.953506008812498 -2.54544135776773
0.574775614268321 -2.68982421594867 -9.58469257411296 0.285548582496151 -0.185896625739913
-5.98192996217306 -5.42532606598578 -3.28599610421807 -2.3506044129652 -1.57577273221133
1.96451548373437 1.47569812519722 8.66583975473434 2.64946526455959 -1.61125479955588
9.32411555564123 9.12969279367321 7.85687445256998 5.89222913492286 9.52882808091423
0.85174911743686 -0.643114800505072 -7.59634190716655 4.78750324335769 -0.208995763577043
5.88871201781193 2.86870132625163 -8.62283745959831 0.276614479792666 5.66509168087056
0.127428406344637 1.39112572610173 -0.573163791571525 1.22302619724982 4.18752411660826
3.34855598552063 0.33582153170288 0.776227064673219 5.16539307103969 3.35767624757961
3.46519532969079 4.86831950494831 -1.90263363760098 2.39615983307182 -8.33985337055299
7.41802212722451 -0.164435948256831 -10.7103844610469 -0.390459636157674 -0.163847544071505
3.93335338780899 1.95663363788261 0.784694669951661 1.9276496113804 7.25957032626568
7.77358421888939 -0.0396392361626383 -9.77546469536964 -0.792566063720602 3.63144568903649
-4.05106358761368 -0.0598798016124831 -2.80601532175772 -5.77195015187962 -4.93817465337651
0.634592880287689 0.333504840289498 4.50624136481592 7.33279288512249 -0.998576487297838
-7.64898699903662 -4.45723410325822 -4.25880520263986 -2.77154924345096 -0.41589879550986
2.53192962316595 2.11731681400431 -12.1194678655391 -0.780782772966359 -2.40084790066937
5.12561761451329 -1.35525961437518 -11.4444788413498 -0.57431616132141 0.326211743559414
7.95641487830678 -1.18094010113099 -5.94972335604523 1.42712947166836 -1.66613556114335
4.43617366462892 1.29515673540571 -2.19015787507058 1.21061353050869 -4.8494900492031
5.48642730211319 1.46952497952569 -12.7403698680266 -3.25427425232918 -1.77938770434448
6.96508798311122 3.21567622470034 6.64845474127584 -0.00984815054127108 0.962950551737831
2.74054795892478 -0.678648878589436 0.114627490354927 -2.95793893597184 -7.24139226518309
7.28895889145854 -0.00941337968424971 -0.655839012575168 4.95433242009808 -9.92941654104878
8.07873591773503 2.40611116411022 -12.2359843755855 4.01369008133625 2.0758549559002
9.39347180120119 0.303227561440113 -4.18084505428372 -1.01252299061433 0.140663748254792
10.447909568037 1.16975651463534 -3.74804244083973 -1.49071238078338 -0.0972281545384091
-6.25912901159401 -2.97147916523124 -1.18932402292828 -0.352886243769903 -6.16246637811303
4.66969568899206 -0.61750727067418 -12.2919114792901 2.64198529089509 2.78129816689003
7.81016973786264 -3.208403279996 -4.52634018257142 -2.21011427612168 -11.9352753955516
7.85337316850788 1.08853475822579 -13.0626383830287 1.91613549006749 -5.0340765444895
-3.26033890804902 -2.44507878650676 -2.77759762994499 -3.71167080406737 1.07830420571403
-9.50424942530123 -1.73852895994776 -4.70621632579422 -0.0519662751478414 -3.13477154001772
-4.02796682277564 -4.72537762680854 -2.93163080848569 -3.84192338305678 -1.88293598058478
4.11095114903468 4.68500714018075 -3.92776451970329 1.02607990147577 -7.78351604301223
6.91692800720463 1.85425380369309 8.79479778946927 4.52486766338894 2.60858428424626
6.45538568173441 2.54519447660772 -1.8273584238141 4.68782028972418 -11.766717019979
3.84948319636119 0.30395732560174 -13.1268712175804 3.20207051241669 -0.284750622422578
7.26397047042857 0.356128923530856 -5.36775329546742 -0.0982129721526277 -12.4199213223608
4.19988017213956 0.14705896400109 -15.5227973225144 3.26334090232541 -0.356372825914791
5.03891819742312 3.98224157955757 -6.04449260566595 0.603801179293405 3.56570564184692
1.34325672103191 0.23729141900261 3.17033323246302 -0.293501823124908 6.0038564643656
-3.86387100310313 -5.4349034621327 -4.02568050920944 0.873261974915741 -4.2515719003374
-2.24170552840904 -1.20835435227574 -0.343762188364064 1.27773889373168 -0.488780537422259
0.681266636302551 0.0855268126418318 6.12394459771421 2.8019205783743 7.52732300123187
8.58608222685063 2.94395053528601 -2.91890731149244 1.38269263881359 -9.70130612633272
8.18464061315245 1.63606339145031 -8.74821401030514 2.92893313554237 4.16044643244599
7.0640279345274 0.683239067870953 -0.283065361641835 -1.00174735519411 -9.41277608357974
4.32399896315967 4.34701721346482 -4.55135322064885 -0.763239108630264 -9.47840275598107
-5.97549989716252 -1.61083001269886 -1.69779591032825 -1.26840748363686 -2.82366711623864
6.22348817375943 0.297174544859312 8.69775391774051 -0.760527242909096 -2.11630939583252
3.81153971822502 2.74002938671395 1.59073579628956 0.737379082011695 -1.8354901425719
5.81736651562286 2.33169312151994 -9.66251464063877 2.10773971953289 -1.86238864370712
5.89968537059318 1.58915786019465 -12.8399508074516 -0.272145904125193 -0.687360887088612
5.61143763704684 0.377558605281741 4.19138033051445 1.12769318423159 0.715297876453741
4.88883718056918 2.50410567436682 2.81905265678173 1.20237155312371 4.02878737767636
4.80009138289141 6.17356590249465 3.38143000423718 -0.844611790679622 1.74579729765066
2.84884504759258 0.613130300584263 -10.8711248665762 -0.506239069450545 0.785585634959402
5.59110303803984 6.02583524671609 3.54569236883253 3.64954115967655 3.00157696092748
3.04420705772312 -2.65904036464388 3.83710548149815 6.17297861756909 1.11072278806286
-4.82114204555312 -0.941845615011938 -0.867392934592827 -1.4995033485297 -1.52527370177026
5.15118601854564 2.31441372954921 -1.83022854388371 1.10654282708621 0.517822527642386
1.28848593296954 4.18481422725683 0.219464501536466 2.48496882992416 1.33119158672978
-7.02388444760729 -5.1303517691094 -2.79433697414546 0.910560708401174 -3.95977370274843
5.17632259889504 5.64946169017489 1.73484133857735 3.48350483410197 -10.8200513529285
8.70675534371223 4.88601592392744 0.435057156513063 3.09820110198836 -5.69492290354543
-3.51458687518516 -2.23567325096585 -4.11140499251177 -5.51829673459987 -2.14877300888076
4.90572902370938 6.45567854775073 1.1003558294372 2.08227609726989 1.943884736035
5.20189762691813 4.61113573949132 5.54523361209328 3.88719569219457 3.47196978601939
3.68288417185108 1.72918598092778 -3.38790728801081 0.0829564690565694 -9.23256151365739
8.35768299210865 0.892980703068343 -8.20114077475426 -1.86188982316269 2.37280985163296
5.58990403609828 0.889225823140153 -11.6897368591155 -0.132306694674283 2.91621464148007
0.872891591096021 2.0345368073167 -1.201748971713 2.50248754211299 2.1054601514243
1.91968935802995 -2.335715599337 6.88749774646202 -0.412427379314941 1.91220926402071
4.34926672278159 1.63909157920207 -9.14220521482701 1.16465478643245 1.97304982197532
-0.726726883724893 -3.83164939688259 -4.71289107613426 -4.86084549290855 -5.19036745226498
8.79285545334151 1.90563818272354 -9.17709657345504 -1.43953762660745 3.91688557972803
0.682549043394001 -2.55895041680987 3.92961440837129 1.2383283587302 -0.624976231342228
3.23023179748518 2.74909856166553 4.25397250937904 2.51820016217743 -0.280645235369485
1.40876021983009 0.15237537999158 2.86750393806407 2.99730780428879 5.46420464688
3.51367510895795 3.21209522820393 -0.124613839393234 -1.41668353677261 -8.78462664019998
7.17057698554316 3.49071872510468 -6.79929454102344 2.04392852133669 -0.589130875781211
0.84383528376778 -1.08696685136269 6.10890630972787 -0.329885001753633 1.28048902730341
9.59263754355506 1.54978938373589 1.19196687873623 1.65941112604551 -10.0100056160267
-0.398270781801817 0.393335671147544 -9.33184723122661 4.6633136611174 0.00687000126526049
-7.65576229748288 -3.21117084709408 -3.48485504738413 -5.68526036826056 -2.18662806278958
0.130862278609279 1.75374969484996 3.41113705458021 3.47561725979326 8.0469482870004
1.25769618185762 2.43512757956424 -1.8567851468289 2.06246896405428 6.08315070372835
-6.02837132008116 -4.46706199032937 -4.60554129960574 1.47958861517348 -4.1304705944305
1.20010180800334 -1.22075184750355 -3.23913854022669 3.25781500860506 -4.98536718326018
-3.48294338217199 0.0718448686368847 -2.85653989644301 -2.3849639791119 -6.07137801982431
12.9871828726191 2.86073098940771 -13.1378528619662 -1.65180697744225 1.11424601642384
-0.174158720082354 -1.677821635145 -4.94774193239717 -0.787615640762025 1.1974480263067
4.87442180077839 -0.182050832834665 -6.01129194902037 -1.79155680945645 -0.342874584294672
9.98128597248228 -0.334437356097354 -8.67276737831334 1.11335128473609 1.83329946834493
4.35451829053646 -1.39733500345524 5.25663385926909 1.85975580528498 -5.49326351581529
-5.63440048494924 0.347403242982337 -1.83097270926408 -6.72870923876645 -1.14112926715727
6.19826080227991 1.5402748208391 4.10218899469718 3.40854032955873 2.99194660614671
7.6561411775332 2.14281869799972 -11.9495824462011 1.34470964217118 0.244907166577794
0.188435118750943 -2.10068667923518 0.226586059475926 -1.20268215658531 3.42738107912412
-6.75297881642017 -5.91591695188519 -1.20129733910775 -5.20106363031292 -0.211467541042436
7.04772500644313 0.72191518339086 -8.25848479896236 0.0947726768516618 1.56579328991807
-9.55805284444364 -3.30885788573805 -2.20856850637887 0.339422185435631 0.240747988617608
6.24772105496308 -0.171658441116207 -4.48053494734759 3.16155467131347 -11.810184995328
6.1211565693767 4.87352555618746 0.0528198569907596 0.610380605987311 -0.364725381474015
5.39904349917435 1.40144248910756 -10.0902372129241 2.5584071093051 3.9329174191742
1.9635415793704 -0.48465133598255 5.985002714541 1.33487689996599 8.51891009234135
6.09708280173685 0.674731764800707 -10.0259431479849 -0.00486891413604584 1.61823609811276
-4.6638509817468 -6.44920451725744 -3.28183110548634 -2.78690221876574 -1.16717753165966
9.17618270786496 1.80293800919654 -6.17678782717722 -0.14580650141397 0.243420488132357
2.33828915468428 1.50177663789853 1.12115280022299 4.12171070083019 -3.78444205925403
7.0677189758676 -0.603617008345768 -1.41434860595114 0.546388641594904 -8.89544148570246
-2.487490515967 -0.494799159985074 -4.86777218879399 -3.48652290396653 -2.21713194965515
3.660759336475 1.74046897928785 2.14363867955014 -0.648153246474176 5.52164369012685
1.76129847077173 2.98327811364385 -4.34840681358548 -3.63929201977204 -5.91857171435573
3.91649998433974 -0.1732409787414 -1.44198773764518 2.01681766194457 -3.27665073556154
5.74909926623264 0.270858673716658 -8.97633910706407 1.61699748188953 -2.23687175721965
1.27555276617379 1.08422597569063 0.725362914099482 -0.914981460689263 1.36000798176818
-1.59707989285475 -5.36259230319107 -4.9919546324695 -1.20178375402227 -2.32620875277357
3.98184835027924 1.60355498969865 8.21822954460412 0.635961745036936 8.06965366722485
0.465459599710285 -1.43024500023836 -7.87315217072516 0.248899843071009 -1.90621395067568
6.02789835691445 0.120367231605496 -10.4063747187003 2.55737936551393 0.0388608406087207
8.36029531461043 0.127240464218179 -8.26473181303341 1.02425751369117 -0.170554248949828
0.962418760423983 1.36896511714312 1.87426920694954 3.5247050076009 -0.0210504518800003
4.17830685172754 1.81073927310341 -5.03787083466084 0.48544901534839 -1.14399416216174
-1.59179321666124 -4.74757218369225 -4.26853741388075 0.212532557912697 -5.41846416788478
-1.71368240713584 -2.39567803365344 -12.3745374058587 1.27086682844332 4.09608732543851
-7.4657141234749 4.48454318569576 0.0191543632425661 -3.45212718268088 0.956987706768504
-1.8366932745915 -1.15145442682465 -2.35313542566619 2.11255120560335 5.81787722519588
9.35317310420556 5.1028358552454 1.77951928511706 1.58073481852221 -2.15608894086832
8.54541559174234 -1.7055351074256 0.258012002324686 -2.21061136305348 -8.95972518061727
2.92539805626364 2.38629360235785 -7.20530836544644 2.8445557954681 1.13184357789203
7.52750812630523 2.94100116895989 -11.1005777013023 0.369054226877689 2.24453720926424
8.82748054556212 -1.41332917036951 -0.248012958972175 5.92245406884051 -8.1942184776144
-5.47838293149279 -0.242524111895648 -0.293039179741049 -1.74969660043279 -0.382262516125855
-5.35767500679647 -1.80421435740054 -3.96497340733465 -0.974948692314324 -2.61304330041218
7.58451634231066 3.35018039394274 -11.3162504741904 1.56332277345094 7.17955527677961
6.01515073377708 2.04753415502445 1.34889278830634 0.574048319674772 -0.0977145124905228
-4.00386875335122 -0.716536762847112 -2.86617177441214 -3.15874953148385 -5.96764170149606
1.62671382103006 -2.05086417436652 -7.55264188997016 3.13466209546097 1.55158975720283
4.71700327215709 1.27397661281894 -10.35115645114 -0.566672259808352 -3.94343236388472
6.49326742223466 4.61142835719855 5.71839654780445 2.83065018870076 0.897801177700173
6.49568581331457 3.99603340551116 1.60201273726128 1.30465232283917 4.80503757082504
7.09773283537311 0.745306355836335 -9.53845784286898 1.13025494345536 0.267901649269175
9.34482062902875 1.21122520443555 -9.27404945876732 0.698799593317766 -2.0083888971186
7.14857793267255 2.15762988595154 -13.7311422714139 2.61788689397361 2.9781708162635
6.92118343601844 3.04307165769262 2.72912578669543 0.32182591640634 -1.15041972196252
4.10190285397318 1.87363475115077 -0.782574353300441 -0.0825949404390982 4.50343357112103
6.07030113884662 -0.27137494340743 -12.6096837457078 1.8973326354367 8.06820005605148
4.73717747471044 2.26561629653987 3.20817665339433 3.75129791471096 -2.67182487073038
0.671509335265992 0.774678280438218 -10.0841111474402 -0.203158718978573 0.341392482057689
8.99952627667197 7.12380261182125 2.39120017211859 2.8760688543943 1.50004213748982
5.33996394077063 1.40854149686395 -4.18333416955304 2.97411329076895 3.12998525945806
9.09193478228056 6.55548659279092 1.03230053613282 3.74538699152363 -13.6047020065333
1.86476611781373 0.821565357398158 2.80909646910169 3.01641079082135 3.67906912291144
4.31424102802197 0.436717561906174 -9.14164130930037 0.885147867312705 0.546929545162178
4.53109739782372 -2.38782027946871 5.89924300605962 -0.946727668605722 -1.53152903056991
6.33484428726831 3.96391241169071 -7.33497528327075 0.937789788154451 5.15459809488239
3.79030615564851 3.01279540494521 3.00945412442685 1.16024391289895 1.36841436234452
-2.81128240681317 -2.41640478998066 -2.24271240606537 -2.59340496730022 -1.07352768381918
9.15710546830058 0.337567822879902 -7.36302903815443 -0.665234433931581 3.72931783115353
6.25061837106513 4.98633018238047 3.49506381298765 2.35560561225047 8.22523715456536
4.35309522385434 -0.0671639094614922 6.44420782264747 2.56114725270538 1.48541696564868
3.23291636056822 3.38164987552035 -7.64580224354551 2.38042526120011 -1.61475472673127
8.50349313847562 1.56415353527643 -13.6810300617775 3.86840246348243 1.33876783536915
9.38642232233263 2.16478244952777 -10.9323392385389 0.3262558165017 -4.24036429141497
-6.05487480330673 -9.03879027907829 -5.00754516321241 -0.375285916621807 -0.572729116343821
6.84593109371287 5.11972534968224 6.17601612515915 0.892670818324093 1.16821781191698
11.0962229226898 -3.17036663179431 -5.28459774910385 4.15367340870872 -10.7209424103831
-2.3766625490087 -1.34468920498782 -3.46716729302649 0.199978346229149 -2.14925712620673
3.80337281428866 2.81767518297442 4.80355063556535 3.65222197608915 3.15009980575493
2.4856593541544 -2.41473500802192 -5.60742688838987 0.668659836750942 -4.04824613772081
-0.951269436295636 -0.355413313639925 -7.43862114874001 3.94752024690551 3.98714199690668
8.01375747334635 0.934345002115494 7.54121855949906 2.72770470305138 3.49536435952341
2.22646004951981 1.40555326912971 5.63581189152 0.219638006541406 -1.49724660632184
4.88956205682496 3.54079605820058 -1.10429144757698 4.16020190097446 -12.5101751491058
-7.58351532996811 -2.10256472186405 -1.82489314508127 2.19907371720005 -1.98136533720807
2.95477549812817 1.76757025651653 6.34334093225856 -0.16208693434426 0.183223633120472
7.33494053054083 0.534358814907475 -9.25165688122141 2.85955133833686 0.504546680917873
-2.37222646299534 5.58842270470427 -1.42157614831697 4.42953548758609 -2.36281184111376
7.01760195369723 8.247502900909 4.41510172658535 0.160920591596494 -1.4775953467566
7.13920710030826 0.732418450848254 -2.90051066095594 4.71781183432323 -11.1430961594466
5.17151234810291 3.84378709522866 -1.04376688542558 1.36396337018507 -8.89921278573044
4.6169506770051 3.28038935894008 -1.782720890237 1.60119391568447 -10.6074783416643
8.23639423855538 1.10469736331947 -10.2400670492718 0.771069440670921 -1.1464838772302
-4.98289070081599 -6.11869604948068 -1.93934838830462 -5.66551636024841 -1.99953268611491
3.64484545349373 0.609070490717965 -7.97050000742219 -2.2938892415746 1.84559701002745
5.2257990798968 -0.71333255329486 3.38282780677941 3.19807242466433 4.35102101049368
6.53229123017001 0.281812895296145 -6.46432587687732 0.966583442357121 -1.43841671960188
1.22018621046327 1.86891582710428 -12.8629103108371 1.27335480259212 3.43387715154823
12.3840131812836 0.370897600959691 -9.32352020595039 -0.0782424278296188 -1.29349949164576
7.54617724464368 2.67418187679378 2.74059100720096 1.35803113640658 0.231167289354054
7.88910152060764 4.26415333184853 2.02723023535354 2.52345518285939 -0.300674596905552
4.81096822800123 6.60422432974461 4.88813110375455 1.7313801721304 1.36158588724364
3.70029892088017 0.990209941167056 -3.6722257432886 -2.34969016693853 -1.87997856644849
3.22857620317796 0.819353213458316 -8.99403217605057 2.14723466739624 4.43780573140062
0.133932619396605 2.26838751142545 -8.66095536150724 5.40102274286834 4.46337172173708
2.28674698988025 -0.740797945064439 -3.72636967057626 4.44752010171246 -4.3115641241904
7.34256021199616 2.22679050138349 -9.92304417284176 0.668162763987802 -1.02713560620367
0.812405230197786 -0.0715983683913315 -7.49146066090382 2.6818100709698 3.82619543239806
1.59424214910612 -1.27002382948956 3.91210051663488 3.31340071185801 0.99846794576271
-1.14883106729905 0.292195378896165 2.27640908384791 2.08221486876588 4.06559057250001
4.06990393171657 -1.11771782827999 0.736365900405219 7.04688650768217 -7.15129929524938
-5.66804806474213 -5.71785548273733 -3.99211844980258 -0.167214709877836 0.541877951981703
-3.19492621542108 -2.84491791173483 -4.45205758904591 -4.86099105350963 -3.04053507150819
7.23895687090046 3.87592349174058 1.66982220267986 -0.00841024502977361 3.10446575392733
5.22204879284407 -1.21604011364645 5.12875916824571 2.25365925541072 1.48656574938591
2.08630428484498 1.76191097366773 3.0309352656907 4.65504905657438 3.80733616300597
2.48300406199826 -0.457927521627551 4.67042830385217 2.4626581140841 3.54228078984077
5.09619610928442 2.21568664753795 2.20529295189721 2.34589478010039 -3.18510001918783
2.78636736775059 0.355147809049432 -8.4311341160212 3.80124567573492 1.18602126540523
7.92807968902749 1.73260529073551 -1.42814052890661 3.75331071983017 -8.17238616868455
3.40698391564906 3.16718018858917 0.509571803645892 4.78159158219677 6.19992478085583
6.59993643366996 4.23892802143036 2.6765261099899 2.30225836323247 5.35070562940194
3.22285333821195 -0.286128167038832 5.07462405310686 2.45798892342369 1.66744668832294
-7.0575731233014 -2.17869610916102 -2.4004500922999 -0.909610060145513 -1.09988654128821
9.13662325228708 9.84567414827449 7.92526342107532 6.97894616520447 1.58182497455327
-4.72869838141748 -2.30242350025069 -5.80681808842354 -1.13949870233477 -4.73243834632082
3.69369293339827 1.71127669145732 3.14366403843564 1.05102211163975 1.30823047458246
-5.35460669347028 -3.82210423124179 -3.43292928376503 -7.27298784172845 0.477365376669202
0.795589140683527 0.360695967438019 3.76352196459627 1.62492464460104 2.86797068256367
-3.87692152543496 0.256404508763901 -2.97480062804602 -7.46154898066648 -2.97970066741986
-7.09599842848032 -1.65867170269356 -0.645869091721849 -0.0837965521993664 -9.21629264795563
1.57136653445481 0.593409432616269 1.70607316014742 -2.34153179216616 -7.96848783550335
6.93230131858879 1.04659635500829 -9.05613649394005 -0.894034621268631 1.01241597466578
5.56240235159989 -4.90950275070592 -3.49063549785702 4.94316197281014 -10.4003459038566
5.29076295857362 -1.96178861530653 -9.13771201429793 -3.13904959784535 1.36220092619788
3.27076224588471 1.17924395754993 0.657469946741783 2.41405491213171 -10.3958645199867
3.62557850142164 1.27037927190403 -7.30925171125474 -0.210826587897978 2.50205221330114
-2.44325000367758 4.33335454781612 -2.26502109801266 -0.739353944987832 -4.22111503883044
4.47976124293191 0.18285087472978 -8.03655513784616 -0.471529925568912 2.85682205519701
6.79274554017278 4.10048713033108 -1.81245956553062 0.0242441383817882 -12.2187600606198
-1.20791953268185 -2.53040457196379 2.50216712322746 2.7058391466357 4.38986153683949
6.94610235430185 3.0524326928834 -7.34303429309154 -0.0238024225682518 1.1658552186643
10.7685861669525 1.73972076561977 -9.95646133722798 0.835536314244044 0.600796449899561
0.520024254604992 1.45226074133586 -4.48455163958355 -0.885639125166487 2.98558760076721
7.57844703817865 2.79179431180737 -12.5641246052059 1.57404863440214 1.06035742264059
-2.14051129132243 2.62973262213575 -2.27340651771725 0.344971089295597 -0.700487114524398
-10.2060364657294 -3.84245593385248 -4.42574005108326 -7.50018842607479 -0.207732643865123
5.39668941375655 3.43959128063856 -3.85680862018727 -1.38585747032157 -13.8448650642752
5.26077032445356 -0.560790355966001 -9.79008451312927 -1.90623823272049 0.161594507662604
1.96684963434631 0.173552354693642 -1.55444957799173 -2.35604896637827 -5.45469248374919
-4.2379981027723 -2.43378731131711 -1.22857566274187 -2.87889252034954 -4.25640109037966
2.70750617218435 2.4479015762758 -9.86102351718093 1.21308486064158 3.58526705692408
5.37872202426967 0.207373368723089 -1.35921631226883 -1.9588167812317 -10.3150414609046
-2.88109413599869 -0.785934988563807 -6.30056022267449 -1.40312987059198 -2.24672851855818
1.58129244951704 1.34561834590838 2.01090274557892 2.04822340872545 3.95492224945133
4.22342583498258 1.24287141876107 -10.3244201723976 0.760127210425577 3.76183257694234
8.12351817889549 0.306163913902014 -7.33377784941651 3.40008309309496 1.80563518452961
6.41882044670125 3.2791325436485 -5.391923453567 0.00865373757510324 3.46225482449004
5.2105634304242 4.75874746958262 3.08042077250215 2.53860685665755 -0.497474344302335
6.23725870463967 -1.71962736111353 -1.96114379327576 1.31901556228993 -9.94922478916466
3.75775415036213 0.615780714706541 3.69976779821448 2.70133070016571 4.18125594109492
9.74775597589343 2.17887923076745 -12.3364228642139 1.74186174080864 -0.0936922632210757
-2.5823328017886 -4.84538687905504 -2.17295802971984 -2.94096116567712 -1.49908785511834
3.28669673492985 5.8966730963052 1.5070924471108 2.45867357017113 -9.85351277411946
0.0114027565479198 -0.988609518145851 6.94474296049108 1.07169371175206 -0.223596199991854
0.241902114505886 0.0649581343504932 6.45198725110887 2.67133170562097 4.15319781975803
6.00098430967699 6.29645649230712 5.29492814632175 3.01407368593495 0.00873095874049934
3.90960548285116 -1.2356423129461 -0.546589838858889 3.82242918949529 -8.73134024509908
6.67676550128724 -2.73607410855535 1.22393645921503 2.88703953211538 -8.4916547459112
7.83081017268902 -0.616792616099325 1.02678462378827 4.73202406699154 -11.6696371850813
2.54017400593002 1.42225785052695 -1.37903030144423 4.11121346431113 -8.82907486418135
3.15250898069603 5.93637513316458 -0.98139143718786 2.2652174527429 -8.30241943725189
9.14412185853503 0.904306115106685 -1.45637060688693 4.71826974269168 -11.6327147082449
2.00105176101373 0.669447863133885 -2.54304637820705 3.20890703242474 3.33583513308354
-1.85559675781982 -0.21322052869434 -3.45430747174299 -2.06408548342901 -3.06730927150376
-0.352216071082408 -2.33525681097923 3.59541860608613 5.6978351728295 1.89698031095545
4.4268447694444 0.729891618724607 5.61268784078119 3.41734861129935 -3.58886996561324
1.0957441131461 0.0741929934510823 1.09182577800474 0.348013794654651 4.30090914568499
8.49018028856013 2.69600269341851 -13.6549427492065 7.41490459766486 10.5676056041059
5.76078684923929 2.72253361537871 3.46752411298802 6.32736234055088 -6.56138443865442
10.0436545531528 8.56847654524019 4.60960540004259 0.608960084719854 2.5987537129752
9.2590130025614 2.70604474691064 -5.96540133291841 1.79028519230653 -9.61014307932045
4.32085712406595 1.36576830425657 -1.98585068891837 -0.336379130741979 -9.14238876590909
6.71504334051617 0.861113574493318 -2.99481397974435 4.16363488859769 -7.82753134930259
-2.46134408635127 -3.92531715818065 -4.13008066358283 0.669319395672943 -0.596722270084713
4.59181627886723 1.96412345101972 -11.562366273397 0.808126627170449 2.58291824919307
6.88361583751831 1.6814758772185 -10.0235765225386 1.81301152778783 3.71331529774761
4.88457158214841 0.60939608262592 -10.8170643037091 2.97449056230951 4.15480715905561
2.37379947701112 2.68816298075398 -6.5790797604892 1.91194050067855 6.20544382230777
1.29111324387747 -0.146311602524356 -4.65534810785362 2.19855273385502 -5.77695422492373
2.57980567940554 0.229397647532829 1.16351740867911 4.58097892970925 2.43471046212689
9.62821587118334 2.07770918376795 -9.44810166401047 0.698730484747277 -0.204527369874681
4.99302882245665 -0.736506695412357 0.909832267363456 -1.00568247444458 -7.52328510047131
7.55930177089366 -4.22626432712561 -1.83098740723112 0.446676553174029 -11.3043459259908
-8.71952968883338 -0.652332671912301 -4.80622575311858 -0.540931468870985 -4.98247262390918
1.58877098993809 1.62754215557921 -1.14866542512444 2.32528139972664 -1.30891907689495
8.6890099931183 3.93835182306393 -0.710266361012662 -1.14965106593409 -9.40399753232562
2.02804848302387 0.25639091409339 -4.68027350151309 3.17402981156305 1.38763372787886
-5.26726832722824 -4.22908499134617 -4.30561324813251 -1.57702510260625 -2.54348321223305
8.11027225044318 4.2294118074426 5.9037088986241 1.86438579156234 2.27199035125133
6.6084713676726 6.92954643196215 7.3405040015454 4.85023614438582 4.33686229493157
4.22869896541096 1.27009210933175 -8.34935034543171 0.197734336178826 0.596591477000494
8.47050790122327 3.49093348251284 -5.62167988478733 -0.855687240792247 4.76846417802479
8.43619483148005 2.77131009004618 -2.06764214911622 0.555578006814207 -14.988235002596
2.5826379335391 1.3040645479286 4.85577458549715 1.33188743914869 2.2222601731989
6.67911525704675 -2.81421187563373 0.468564779872771 -0.584250683225738 -12.1642192024297
0.34439807052389 -0.444790448238936 -7.4157867480916 3.60693029187481 -2.01827328036578
-3.63821983889469 6.421323442577 -2.46387534376891 -4.58783129755494 1.77481240706501
5.20405275005189 3.68512089159401 5.33143424225347 2.84795735188767 -1.62215185875067
2.65155921316212 2.3881512105553 4.50415626116313 1.70570579787292 7.90797031744714
8.30377862898909 5.45119329654611 1.56684245300773 -0.193438928188929 8.74203560458729
12.3716003567611 -0.442610318817362 -1.28011249733023 3.31904544720418 -7.24764815668622
7.56880950794115 0.745608957022031 -7.61100521403748 -0.633898446080233 3.24990000930425
3.8467825402113 1.8116235121331 -7.76371926271878 0.919221891857409 -0.862470759068753
6.04325981020598 0.239016161819681 -11.6388648293421 1.05493771619393 -5.02748288297979
2.31014831714839 1.52449502890094 -8.83288734947904 2.52423573419395 3.92479171027483
4.01664155080699 0.0617988179110425 -2.38416263637909 2.42754772131045 -9.5771288478128
4.64317447039248 1.91019396085602 0.255784596195991 5.34897741741872 2.58088486043009
6.81095399826097 5.26737760705401 1.24973745989016 1.67424599264501 3.57140140446671
11.5406268000004 3.81907366984825 -0.90078291540194 0.523049411554916 -15.3812098116475
-1.66833539068676 -3.51091620868111 -3.34776110020556 -0.920025134385441 -2.54610111606608
6.40455953212866 4.47063817062087 1.10010247315208 2.73283105203311 -11.9463244403216
6.90810622102524 1.5740893410718 -11.2116331996573 0.853589887428993 2.05657643334792
5.33227939772398 1.96063129964675 -12.9423033417103 1.4123841336298 -2.78809801651001
6.94932253502174 -2.05882805964953 -0.665684003393794 -0.33293548167097 -10.7457832606709
7.44822480210637 -0.131881736502355 -11.4836297260846 2.61874070563307 5.42480219318837
-2.5831749805004 0.636061259218275 -3.25101620407055 -1.69718629379781 -0.182834398127827
1.06234820139948 -0.543086337056705 2.73579735418078 4.94703399338092 -0.962315545425037
5.08148567202516 0.241640849313155 6.56251943299337 4.77252714223913 -0.277077521325934
4.9665250289057 1.63807567417664 -13.1330069536291 2.94597351480889 -1.29153097767883
5.0232438055131 1.33886004572042 -6.99959740523987 5.55632654990238 1.20556630590366
-7.26477466439837 -0.387151312756551 -2.0151182111949 -5.57927274177582 -1.67608342760505
4.58757925160625 0.923410651559853 -11.9437912936062 0.73157366883529 -1.44059776987191
2.73459765766646 3.36187308960565 -13.0784004662075 4.6318169000491 5.19979559565868
6.00559768837174 2.41045605062614 -7.36067270878848 0.737782298010728 -2.81362016672058
0.162975093892276 -2.26031445058838 -1.55800564350341 0.878051668592227 7.58963254113334
5.5139484797039 0.500424501954404 7.32183938915788 0.257289063646125 5.63719799627409
4.44338319481827 0.580358023528357 3.17039940520285 3.47638846356395 4.26882018926305
2.8431501752475 1.27851663964064 1.30137990493091 2.65956552108825 4.53632013366935
5.33574339462916 1.98935474599268 7.81796721206351 0.710189302353643 1.47277119231628
1.04000510063878 2.41744652491464 -1.19501191066626 1.02647090006653 -3.95823702290643
4.20878809653394 3.22649569852758 -7.35051418197983 3.30837269719853 1.10478287661853
7.56120262915223 1.60581254110759 3.20966158602123 -0.207513163569309 1.60309978457784
1.21805225098697 1.25553004944271 -3.7778419437485 0.902428212350753 -7.80110462006221
1.56880735174748 1.85457566427303 -9.47983808438697 1.5284717920551 2.16850063647721
4.60262077319959 4.24010564099477 1.49923271586823 0.118692848252472 -5.23791996876738
0.271601215087666 -0.835778534277549 -8.54488943118916 5.64312281899151 3.28552490525168
-2.15130628769341 2.70600628135234 -5.18089951315237 -5.97424219551523 -3.50679207850066
-4.04764032177744 -0.693986118423257 -3.40036634819082 -3.07749530875475 1.09819683617813
5.23901231439006 0.025453856710052 8.96228451141914 7.62405754415334 1.85848979335821
5.13963867059827 -0.930993539243186 -14.4690980536831 3.43584023260641 1.16614486848008
6.71986799905677 2.1013723338513 -7.04228970767257 2.79224518157583 4.91845532831885
4.02137631469875 1.09110745301281 -4.99545175829819 0.701660362169747 -11.1690224867249
7.06536602670629 -3.43834903693121 -3.36414872070331 0.553658741408968 -3.98903962242571
6.8397157760144 1.29298268573955 -11.201546297864 -0.507160203963789 4.81773620642902
8.39129216217666 1.17439718510393 -13.5701264217365 -0.671597420551409 1.01857389516945
6.4385920507263 7.69595838057319 1.73005975611187 -2.74734553346743 -2.60157434524988
4.38215536597334 -0.184068222221346 6.90381819221123 1.09402196984026 -5.88213170317713
-6.4087154310682 -1.56459371383794 -2.53741216360337 -0.931714540038745 -1.89137022301851
6.43140112788676 -0.0726187248721317 1.30592799291258 6.42332380777406 -9.72496950938088
-2.22873678390551 1.73489814344764 -1.85679919737335 2.48296037285774 1.00773264475207
0.342569673868524 -1.23580464237943 2.12108428090523 0.10396121470872 5.85284079000872
1.98731396567847 2.11989282589118 2.91870070132465 1.12951903973406 3.09766975305134
4.18970633232446 3.2930807195872 0.234518279882846 0.73136312421534 9.11768990917493
4.61662773349713 4.62052930736778 5.71866364056745 1.52513959661599 2.873911473853
-7.99227943921683 -4.08086405389069 -3.31400943113522 1.40366304492215 1.36566757523307
3.15651485721848 1.56996015686317 2.93679752675509 4.81732293130129 3.81759404981009
10.0484630099336 4.97748721069856 1.28632410636264 5.50938272490752 -10.6421152004149
5.39752449979152 1.38654934908799 -6.413148499646 2.60853454787185 4.77844165347259
-4.23363493954538 4.80523590477109 -2.20163455334732 -2.18991720774589 -1.17797784065537
4.6530961052247 2.43061892714111 3.28078751453265 3.67852613086093 7.81880939920022
6.47948571191733 4.27909080843636 -0.140730035924512 2.95786004879317 1.24546926901799
10.8007143812235 0.193803275918129 -13.4456264290046 -1.21125990222602 -3.53802127946171
5.51598949984613 0.660588897865285 -7.26354890976118 1.88816992112008 0.723750284255225
8.36899232214009 -0.84809012507909 -6.89976951285773 0.98161009506342 1.45682785489069
1.36566564280246 0.938292592091807 2.83117155802601 1.74619457626005 3.34360865892492
4.75458026881819 2.7589224741365 2.76454389724632 2.06091396686538 8.44834658432714
9.30293125635377 2.79557990240891 -8.41229519843231 1.11876204349812 -0.780727336765243
2.73205306859776 6.7713225106588 4.40080175222162 4.29644286085133 7.23373802704444
5.05053224635541 4.81155952433647 4.78570713036168 4.54535869514993 -1.42861688310493
5.17171326324165 2.03604063484516 -8.26221240091226 2.11737680953846 2.81217179955677
3.74165000856019 -0.256571551292428 -0.276224065720678 -1.85876218629353 -1.04741952024519
5.12066548004685 -3.035348243091 -0.14812104568685 3.24187347201248 -8.4347158612465
5.93775560217233 0.362687146401302 -10.1912813038605 3.01627823015286 1.11350536353276
-0.113815827302612 -7.43657252663397 -3.24725793137464 -4.98347048872299 -1.47408589900706
5.66008836392053 -6.22418660257858 -1.57179954860816 2.40391773882103 -8.95797160386292
4.08101137284494 -0.495408645718179 -8.5126034527691 -1.04702606804115 2.16808256642196
1.63145465206783 0.292829534495849 4.69983123593147 2.8100747276697 -7.43230591027723
9.01067720753682 2.21700722889918 -11.29411978186 1.93914401555855 -2.12618574685822
2.59926344989803 2.20977970924057 1.45288426517855 3.24967904671961 4.90083205275082
2.90852433913723 2.50204375128412 1.86993034359906 1.34956264617192 -2.823479252744
9.27952434973929 0.987847426943117 -8.38985926740601 2.1206369427888 3.47078765324616
-9.58419582774684 -3.38548538481305 -3.68583544087633 -4.99651797472149 -2.83797403708064
9.83336728627535 1.67931869833838 -12.1096335436199 2.52343481974661 6.56042868316982
8.07814856559912 1.6905048038918 -8.22327798447757 -0.367655836103258 6.76497165789224
6.19250188255912 -1.09335196779943 -1.22635341830023 -1.1066579072972 -7.79568116233428
3.46010054775624 0.296451019189906 -6.42840379942138 3.21642764589522 -8.40303627227942
6.48159054773197 0.913112481196906 -11.74624916361 3.21660302031345 2.21267053678811
4.07400422271831 -2.09387661444039 -14.3167496414228 3.38800039842988 -1.21310945565189
4.63086273542381 0.295308179893509 -5.43660083692499 0.644438349371904 0.693165707209806
6.51564775855682 3.15008054388962 -9.17194003507337 0.821907360803625 1.78568742222588
4.21104563515945 4.36370806041162 1.47416224691143 4.33494259494807 5.33863526840029
5.19409349213781 0.657026424766646 -8.57425888922579 0.742612463737211 0.252808949858742
-5.98702885482839 3.58212701616842 -3.98359407318579 -2.63016315147632 -1.66875089666991
5.45100191935273 -0.405412602619363 -8.76506975996506 -0.939475309070572 2.38209028484484
0.571974786362979 -2.30707517609096 -2.8184021258254 -2.42750848220003 -3.17715564969353
6.61658322732672 0.550454973385151 -16.0403272074524 2.4932244157609 3.55197723678778
5.09462115419927 1.45669159367522 4.21058811531821 1.5199906268821 3.86093393449193
-4.95202987735719 -1.53900553849689 -4.55575376084484 0.777246909786048 0.111415882146823
6.98801031248779 1.59845609267388 -8.63322549503646 -1.64115632425312 2.38802871261625
6.67700802984854 2.32956893600952 -2.20029870786054 1.96479718906793 -12.5026383617151
3.80940783960901 -1.61779193173305 6.21094878864945 2.60958655407812 2.8422310411687
4.08997959026759 0.227768249292416 -10.8337301697656 0.0234332809768201 3.06270990884242
4.10693117152657 0.865235724123101 -2.52214779385709 -1.93563840965584 -10.9477925082297
0.845926938897737 -2.45547379109576 -3.03118681359261 -1.71472737591558 -2.70470802724398
4.42218021714556 -0.716841594712741 -1.93439241540075 0.937471069431966 -11.7721842371882
4.44125212875403 6.17874280769314 3.11760021782065 4.23828895090034 5.91008360488023
-6.43247882397438 -5.49385110610565 -3.97481691331307 -3.61936871959923 -2.53827332765883
9.05757416604905 -2.77718939777139 -3.38047357976234 1.16038890487322 -8.30067016875283
3.13394398960177 0.657537540728067 -11.3110207441755 4.09777630116964 2.51658595911804
3.23996700307126 3.57803280449093 -1.34189155337354 -0.101134095916159 -1.08949238020993
4.18484162942788 4.65706438703658 1.21969305256934 1.35516674199774 -0.57856997282646
7.6619315687015 8.17390721056373 6.85254228378322 3.00294261299193 4.56094958884005
1.76541446210252 0.766221783285151 -8.93587318041705 4.06869449624404 3.75750062462896
9.19673065661032 6.52937164354286 5.98508129851257 6.95896770267976 0.262763211733285
5.26922222730303 1.05619639633141 2.37939204554137 4.92900783981512 -6.5569196459731
1.96710859329998 1.52933515619166 -6.08353460270104 3.58212724614577 2.93178996744567
1.37534210916167 2.00133265814921 1.096895938051 6.11929670167145 4.81894002505583
-7.50735910424697 -3.14323820439799 -2.19947543825237 -5.96870139018798 -4.88117018123208
-7.1651446276753 2.33808729004655 -1.4417399978734 -2.03027589677747 -1.667925382983
-4.64818601486966 -3.04717581193836 -4.85968045935795 -2.0871147308629 -1.53824724419638
10.6244874750066 1.66660125255868 -12.4361898921725 0.278444954362304 -3.23710031812534
-2.08493557220749 -4.44926860940023 -2.13036244944044 3.5787182052732 -4.00038792542915
3.15585291536626 -0.380510973519626 -8.17165277795773 3.53342426859193 -1.59512576156682
-8.01212377228987 -1.99088095208103 -1.60021824642642 -4.4533018436459 -0.998043892415235
4.36958293581667 -1.63753032434849 4.54487951332479 6.28663042355866 -3.83661628276199
4.04871198923953 0.0161643222054244 -10.5857372458188 -0.442243243831592 4.43838645211329
6.13549809303071 -0.623485337888281 -2.33229844253405 0.958334493493222 -9.18060568786354
0.187564511240832 -2.5530045784972 3.5797039771915 -2.67428683716739 1.16879573323788
1.43405576238521 -0.33841583457986 -3.25841668194269 4.2207681571855 -4.67085661511197
3.53318498640118 1.05639121084609 -12.0388355901503 0.53294290708473 0.195346849702198
10.1266373963603 2.49253703443738 -7.22419136318217 -1.37616225402502 1.88046101751628
6.15629979862137 5.2465605397235 3.39129597835522 1.42072403442466 2.39629521917536
3.49297194376731 0.809880455824084 -9.00058654960978 1.97451802506779 -3.96428670777174
3.16803028046858 -5.51519656228059 3.66562378667137 -0.0365960601189816 -8.48654472941513
5.77545325995606 0.629614035963419 -3.03640031575722 -0.490078548873795 -5.82962608525896
12.5797416944795 -0.555071945652449 -0.265201340391092 3.4217843054041 -13.3741217676653
0.138800508799777 -2.37781754923168 2.0061047738131 2.61192041314906 5.38466261020483
5.07711244124718 1.27825005282276 7.35414040164841 3.76761965156168 5.48603460983967
7.05072981112476 -0.123748269043617 -10.2104791867161 0.202313918986478 -0.413755454901342
5.40338630677548 6.61542220628598 -1.98797579845152 -1.54292463957805 -8.18190620943214
-3.0967296914685 2.19113139931118 -3.11411705181042 -2.01906611601819 -3.13601380284756
2.91768081997454 -2.47098882275159 -4.97454874971884 -3.97885506352098 -7.48138890681568
5.74637907783389 1.23469110104711 -8.52741984949055 -0.930118485430477 3.01503647636711
1.41114015467343 4.30834537852993 -4.32173388261911 -0.127878170803101 -7.38308566322188
6.53910254263521 0.0427511991193601 -8.23356746727627 -2.89615880032558 -0.846498740751815
2.08774198325323 1.26512918732363 -3.31942270120459 7.05646888407745 -7.98181564917344
8.21327268030226 1.73074434216971 -7.28090863509059 4.20854685200662 0.735490124819061
10.6847101893063 2.32191449417687 -4.74640512005636 0.0904238273901474 -11.685215523724
2.94574217666116 0.698186656215344 -11.6709154971907 3.7949079988084 3.1610764155508
9.4063665970801 -5.1012610423939 -3.24205380163464 2.69394164272839 -9.85796878470689
5.29936271929473 0.675287981656556 -3.37308465489775 -2.78790631782042 -10.5239053793069
11.8464354285726 -0.943341420681366 -13.8308744310327 0.312337307256438 -1.78867210220131
-5.89446035949614 1.79701608783133 -2.09505453226671 0.190160501802535 -2.72470683504048
5.6396358660735 -1.47566747522897 3.19705532710157 3.53100880370278 -9.33426880464168
-5.73297762506012 -7.45846404291482 -4.16183491076786 -3.84086309048073 -0.660500672462173
3.58741488504912 -0.216156386073589 3.05320887563068 1.65754636582017 -0.644060777673954
7.01406906438502 0.865439888120653 -14.1611774555509 2.35513804298385 2.3077879686492
5.65309926701181 0.655908905402113 -0.427423507761858 3.02461675680978 -1.76262555963713
-2.92806964434601 -0.389208264437804 -1.71681848618926 -3.41184234846361 -1.61770748494709
6.67049258813205 5.39029568869238 5.27731584540191 0.577035114763031 -0.459741421614982
7.0891790079339 3.36938789116992 1.86075915345505 2.32713113605714 -7.90366902873266
4.88334049713624 3.03381568360014 2.84664596969212 2.10845119317293 3.85620111107338
0.718470311680047 -0.176629044764154 -3.21523052739708 3.70805184423793 -6.81870996014126
3.96393866216485 3.351407863849 4.20461486931292 1.49609217874813 1.9657104364092
-6.98088135471788 -1.76760433594163 -3.77953373568235 -4.46127698611171 -5.0310132458781
5.0856616871016 2.12874518897092 1.15075699654842 2.85929988637549 4.44212781806419
-2.05290878830095 -6.4930264687129 -2.8304504471107 -2.36901801975749 -3.48174791060862
4.47866113902052 0.349894776510957 -11.3613051468549 0.907880119809677 -1.89818397708882
5.18650811442517 0.0903434873692961 -11.6175482866028 3.47249425591759 6.3205785543359
-8.76850364699128 -5.19484146161918 -3.21963873528035 -2.66455456626101 -2.34017907138409
2.76422125595845 3.03189485995367 -0.629886495022322 -2.23540443270367 -9.26491842172558
-2.65997305597474 -4.68309955020909 -4.66276915028656 -2.96434622257169 -3.62746355065948
5.28900776710825 1.463427053504 -11.5733446768655 4.02051265319027 -3.21295872382509
1.40577435451979 -1.81719516668391 4.2898506454145 1.07091787076206 -0.293694707086699
6.73769398762563 -0.597505228748607 -12.0546396716455 2.87227971886115 -1.15813747808262
0.44878293694752 -1.71916423036233 -9.17014614448506 4.09388910717794 -2.62567677270453
1.57510438364718 1.86365538025331 -7.0179313696904 1.47503723366147 2.63044416986101
4.77939055680383 0.0241958974596828 -9.54261487150331 1.89131724397893 6.47080038692872
-4.97728707742612 -4.03854052006945 -3.96958171879498 -2.86704370078749 1.21934218679917
0.168593326247099 1.48321407581428 -2.00283202279128 2.24775751432683 -0.153824830086297
6.70156663911442 1.97299659978789 -11.8048690611549 2.61290995620621 -0.970152448250492
5.63187467754168 2.91287603158287 0.904790364199676 2.57888801260618 -12.3777979995918
7.20741273582748 4.4470456326574 3.61963233062246 4.16951298944474 1.90333475099157
6.38645487713953 0.791437317867828 -1.94680976881895 1.51750061790638 -9.60122291904842
5.30659950814484 -1.46291104775661 0.801274241218056 -1.86394474392881 -8.75959782898764
7.0258103358359 2.69355024736109 -8.32971937493645 0.272108283341569 3.04068707043696
-5.33156550857036 -1.93440916845032 -2.88276413045202 -3.90596908950883 -1.0220489868269
-0.787196808272112 -5.450298777058 4.46243643888088 0.632899552377238 -0.754809426285893
6.19010246850695 5.15035231479112 3.98144879512511 3.63800023684574 4.94689233519622
5.45949404221547 5.25035388656416 1.08228288864562 2.26680627255263 -0.356994253116543
4.19764685707919 3.22308503239683 2.57508746089149 2.70534129614279 5.51743887796274
8.64282121312187 6.34345716503208 2.91341369826297 1.67373221517868 5.86475418947498
1.81029778735687 1.1967613674186 4.46263926450338 3.04233821085148 5.19835631420711
0.771594437552091 0.459362964114054 3.8905386289518 0.443923119035426 -1.31709590482759
6.91209048554857 -1.90822065002848 0.937033485841702 3.95226001105732 -9.68980408334705
5.71382367086508 2.37628157714573 -9.60204836682735 -0.0829442591623473 -0.0599736526090058
-1.80218394185937 -7.61896417203425 -3.56165163250041 -1.9934820301068 -1.86757110854553
-0.0269259478369586 -1.60588781823111 9.84167499476218 2.51680665577607 1.54959445966382
2.85601919778544 0.248291204311927 -4.00012722250763 2.71959904856591 -4.46854669444738
4.32937538540572 2.48466306430623 -7.80624828877197 1.71174167964177 5.17875590296855
4.58949807202817 2.79277781367468 -12.3200853585739 3.92718015622634 2.26374599994613
-4.84064986601855 -2.61014397831504 -2.72552179674105 -0.746456202221716 -2.58712022418881
6.4665638754733 1.77915213316972 -11.4922414151875 0.808310139748614 6.87252985068933
5.74508622811784 1.884225071239 -0.8411632179267 1.88415702575833 -12.7104737279665
2.62994108798233 -2.05368123659109 6.10446722928835 0.348852359521357 2.61445396175131
8.57044613813664 -0.203901146397361 -4.04089305846292 -5.37718096820734 -8.88303229285889
4.59672439889524 -3.3044146914316 -0.851849219534177 3.21580835526884 -7.4687789212254
2.26243227523185 0.00995191715535793 4.13488183153726 0.0378949547896223 5.16139291870393
3.52627841417009 1.30201686811051 -2.71122084234373 -0.999287262709947 -4.86493007083523
6.37724474312211 2.3172011208908 4.52103584551618 0.590275650014102 4.03099732175578
1.96299655688082 0.0597868208924717 3.42111352924383 0.39726189740919 2.72315742768948
7.17227135820648 6.01136071353156 5.98659711288017 3.17929652736376 6.85710194696472
4.18387870877155 -0.828131464334038 -2.89444834818396 0.441910725378932 -11.2693157179412
7.60213548380918 0.539781226044788 -10.2112552497912 -4.30879399145363 1.93232970843877
-0.454610826843672 0.674195334067655 -1.11974465165292 1.2315990975263 2.57048907566927
-2.32451218891564 -1.55945940201091 -1.14431649348607 2.19143221646607 -1.55531155463936
5.12506609671436 3.28036073543428 -9.22265823333455 2.76958350493984 2.45810424399391
3.78726207970657 1.44976632873978 1.53717156999672 1.78845110749986 0.83848264725055
0.780371273951688 -0.125777168677286 -7.40393631529973 6.16011157413263 -3.07838935325589
3.98694845933422 2.61472673279684 0.692882207208263 -1.68848140787362 -7.65051908430673
3.30048742838261 2.85095539007866 -0.867167507852495 4.0504575414648 -0.709042617868424
2.04263325200932 0.742152350465426 0.841383418573065 2.98717040780345 6.12623570497377
4.31101469397698 -1.33315298375326 3.97904896003595 1.88880172777315 6.89134234800202
-2.96742716456498 -11.9136697185886 -1.63655488204 -2.52443426798154 -2.2004100867996
3.12022780889553 0.134680004319564 -8.84031262441693 2.58416594911728 0.20564130707046
6.76558003405772 2.70666511681384 -10.3825770168069 1.45120498242623 0.879423184975961
7.68399549798487 3.86905189430308 -6.75941080897727 -0.306502712338491 1.47933155891579
2.69429111349894 2.77949157731205 -2.1963921714599 1.93872858755706 -9.50301225941611
6.77768276341611 3.73783867025106 -9.30006004199497 1.1953276331471 3.17459781540489
8.79313267396156 4.91571473203599 3.88043133953602 5.35005334614235 -1.79188627659254
5.56033357137829 1.80251236955653 -9.30157805398196 1.48356155121613 3.01291034695119
6.20375898329397 7.64324245868397 0.121587489982476 2.2313091205336 -0.132924940976234
0.12389277688272 -1.5724131814145 6.53184773211105 1.00124768404 2.43589469608762
7.24632028222362 0.790606300629716 -7.56958930977122 1.01269468148886 2.50842186256804
-3.95648721123282 4.49021248674417 -1.3335756389306 0.0428816712451863 1.62106837692187
3.75708091248392 -0.940637365362994 -0.701590042208071 0.455943319597209 -6.22338689499466
8.12974417246995 1.67614904107452 -8.76201122772533 0.615693064714801 2.57324245665142
-1.94973028451947 -3.34504926641829 -5.59557905396886 -3.72372550393939 -1.99578907940019
-3.4512715834618 -1.33485029415111 -5.63631548367452 -2.12920258814267 -0.949547555599331
7.60907504419852 3.0977190714751 -6.22483774083745 1.14831577192499 -2.23328209641459
-6.8239716599631 1.49628278339807 -2.30397387644694 -1.53348560128408 -3.40617061151724
5.19472968997397 2.60577803353506 -0.757925460202442 -0.616675034101013 -7.77670152636189
2.6153957221527 -0.300278682292426 -4.34369735769456 -2.33720114431353 -6.68297029477377
-3.64559950584381 -4.20546270929056 -3.42579683113237 1.3752832126805 -1.66647237367992
-3.3854144468337 -5.49347860463018 -2.14306845130678 -2.97922504902512 -2.50605597461588
7.8701455581431 2.09468117828984 -9.41142043228474 2.96399028332552 2.62565878002799
-1.9442120067496 -0.825487799495331 -4.72154421197622 -1.5985468765123 -4.54502267781972
8.26028275554673 1.38711267915157 -13.5333051046166 0.497625416446449 -1.45817980445087
0.682177704146677 0.158277619056062 2.5009465400174 1.02787659150873 3.8984193267602
0.783347623062308 1.08056215412298 -6.3030269599833 1.16634256544147 2.90098282637048
6.27828423102061 2.48429091854975 -7.75158869603238 3.1322779722114 -0.827346465809668
6.10242225163256 6.31691453784279 2.21830518646347 0.896851688284034 4.6656109746723
3.99482693352821 4.22229579185087 -2.05673759974008 1.57283907306933 -7.80457898318615
7.41162156526319 2.73598880647584 2.84903069688055 2.72398300354846 3.49375929755959
-2.30985092351253 0.785709744979656 0.547327828443831 -7.42374807807521 -2.48827161872908
6.47043537169027 5.07147855734815 -3.33633594315909 -1.83386358824961 -10.7289636771269
10.4096457884037 -2.58782929073807 -3.20697427058457 2.26034318307214 -8.76401340267993
2.55899198844733 1.26474099644399 -7.41068188799564 -1.60806654776533 0.542557093489141
4.78601925101466 1.21632516537083 -0.355626940851232 0.566552015324148 -12.0975971613671
4.97799034349349 -0.520271888985537 3.31769165722312 2.24380223672324 0.429730619339591
1.00726592697433 0.0885732436509112 -5.66747089562186 -2.97318625024929 -2.01849691100536
8.08806660357138 3.55867843766669 -1.78649611089424 -0.299842429862576 -12.4421857124701
8.36381280744806 3.42876482635008 -6.87030941860508 -0.341252010446708 1.72073024074869
5.14394872219555 3.27445281655275 2.16046526455041 2.24155368143069 3.80814266118572
6.33509650375349 0.327042599471092 -9.69841375062742 0.522968681568837 7.44152150837515
-3.91317742110344 0.655065396197516 -5.34068270356679 -3.14586192680176 -5.90334561619711
7.09379446748891 4.30605988334951 5.61302459258039 4.20017763391306 -7.51279097661994
10.3452630163103 0.385252913782593 -14.2221514310494 0.0336492097591885 -6.45916468880107
-0.742029769460018 3.98610677042149 -4.06878169792356 0.153277556319966 -1.26978381175457
5.7485266118072 1.64829048271627 -8.72271410878843 -2.86021126819336 -2.99313843218695
-5.22491562431465 -2.39451055595235 -5.14931851310813 -4.95058444100631 -4.03490566017244
6.73958898921679 0.895771312165261 -14.1896532164318 3.0722663733584 0.95867312104658
3.79814708598206 1.57838841323601 -3.51453073359654 -1.11276251655991 -7.95879354864402
1.28767584932533 1.01084020123912 2.60367647022936 3.35707457835732 6.58557659392345
4.4596891649523 1.70583736352009 2.03363768893865 2.54224750663597 0.862923990895439
5.88058971508452 1.29206565359474 2.02140771008868 -1.16900151687814 -2.38140726997316
0.313383947594707 2.61294695526163 -4.78516497065779 4.7330412887601 -6.47927692661082
-0.0402443087820199 0.415417068153703 -3.01209436439208 1.90918477857546 0.841096463598354
-0.81595002328052 -0.530328597717397 -4.48372411573034 -3.22214950962482 -0.533388037437914
5.31854282313356 1.21118120250268 -7.94413631260242 -1.17062677617144 -0.618657026022882
8.39310883372575 1.99854071450936 -8.45969008429353 2.26550900445584 -0.0189955217061573
8.13743783359805 3.52206446377374 4.5879336083445 1.13853898133303 -3.56346766327722
6.22525239295696 4.98503465538501 5.04381692056208 2.67215885761147 1.11081220691752
4.68126176752361 3.05353917737917 -3.54319892575448 4.68061627023468 -7.36899395637644
3.07154576979592 -0.515705122604807 2.01104534065187 3.10741708589758 3.36105546341003
6.92408416497844 3.11561187369173 4.9803400061698 1.19100259380388 -3.03849304619107
5.64059254187293 -0.563247156267568 -9.88328781904804 -2.91841980189049 -0.99600899970787
3.69754225451448 1.72893955362052 -7.74384185543025 2.25283933676867 -1.73919335078452
-6.60031046803694 -9.22931032212994 -4.7621104116184 -2.75824988116955 -2.6646034376687
1.58377559806171 -0.850043799148288 -8.71721522261183 2.76658880439905 5.50355896901625
-4.36407499772279 -5.80142430725206 -4.39668740053541 -4.56774633842193 -6.02074605778558
5.31723409717594 8.00138928578842 -1.85115368918798 1.38498939504342 -11.4724317642818
0.157610541132263 -1.9374801154089 1.59614267279599 -0.485193122266588 6.05326369656337
2.94823506036717 4.19566977513539 -4.07440940643763 -2.38618273312153 -8.20930316248393
7.17338382258855 1.23554763750323 -10.1711085570764 1.71285338159771 -1.51100531648688
-4.83797909033476 -5.08678602124982 -5.38838582584911 -3.64063682214526 -3.65186793067362
3.08642061607144 7.09884122054667 -1.46398554912146 0.817246360317484 -6.41887218107114
-2.7362135983317 -1.38587042167246 -3.08586218249468 -5.15862000353549 -2.82741323765932
4.86190527845392 3.02255795043096 -8.14924221172108 -0.49991262415396 -2.02286040010987
4.68698369509605 5.19900001362261 -1.39499835332042 0.0818467357650245 0.02100230346141
0.892734830744081 -1.50219044772416 -4.68327828049072 2.05813400093123 -2.34985118415777
6.62322585814838 5.74544685262901 2.75517245508266 1.03870964312688 0.95853737545286
3.90327631526161 -0.517214334152781 -3.18146341271407 -3.20147400682394 -8.37981242415535
5.68199175755916 4.62594462639708 -0.871195745828128 -0.494522592659954 -9.48542818815711
-3.62444721855505 -3.34925219511857 -2.93650146106918 -1.7749157553434 0.606741748014138
2.74280152930645 6.09966572786073 -2.36141728513459 6.32797042840464 -10.5698036564366
-4.01949614695792 -9.13394993945381 -3.9584663126975 -3.53001190085424 -4.26795507044837
2.86371438024221 0.758847666451012 -2.12092142965137 0.153961810552448 -0.421154291414723
8.88468999738597 5.22075137349491 0.236618683878602 3.33333638313958 -11.8688092189876
0.784725352702795 -2.99891301779115 -0.862280965662074 5.797196342406 -7.42366103582507
4.67767000931291 3.45140190986954 0.814284413474647 0.529874765092082 5.06490299527848
0.634063797858881 -1.83843414351334 0.760870476826137 -0.443170603033064 13.2040607528871
8.06260042409038 0.718266348686438 -2.06085311545026 1.73093933991995 -11.8420849961974
8.58009493350641 1.58237629963759 -11.5265476634807 1.26911867833722 1.7189665411624
-8.19517434269937 -3.64768377682253 -3.29935983248313 -2.02770965290428 -0.718112124791585
2.5987019213221 0.0953140299196638 1.27464820281897 -1.03906758892655 -8.65322467813302
5.45177353404443 7.31992492230595 -0.924394477147438 4.43512803750813 0.293386976899826
4.05628562602588 4.39894624065833 1.77527187149341 3.41424055459959 -2.7285328753909
-1.35456775211135 -5.19104225612709 -1.84060673581633 -3.03141500627041 -2.38628198847208
0.695720424531315 -0.224978410525495 -4.77369800997533 -4.48410849356726 -2.50819126649429
-7.62458669371959 -4.38180683461051 -2.62679518075976 0.486628357090472 -1.75011459868108
1.3533945331553 0.0987738295776297 -2.83050406372406 -0.492899357830456 -1.55746317218752
5.31446605568205 -2.93018470398903 -12.6396291245706 2.49984432103006 -0.121048936384147
1.42941125646211 -1.43934157398469 -5.49827216249416 -1.56152044378135 -6.42712900106853
3.95659250408038 1.75625943288749 -8.25529538888867 1.87008486202609 2.12957681166144
0.80302050601844 0.776478540452871 -7.54207605513608 0.739596988835714 -4.22739470003158
6.19782755013691 -0.968702449915323 -0.962919480699771 1.18112798448748 -11.8754455294021
3.01520952670844 4.33335518676585 2.88438409038012 1.88916040745137 3.9747744390241
0.0543212036209892 -1.204788364049 1.73653408804669 3.46909703841087 -0.854134777191427
6.60480862482318 8.18835351299965 2.37106599274019 1.95297842562543 6.76489654926849
6.76343315729172 5.60628562933284 2.28783490216034 2.87023736169964 2.53826318476997
3.6790142107183 2.10752473618441 -1.64956660868889 1.35739617994788 -10.9187769476159
4.54621462824363 2.60344562856341 -3.91034133509253 -0.21549314177303 -10.0886165550046
9.19041151622296 1.67534029683916 -2.65857925771996 3.03877452054374 -11.1671197904085
10.6468141640476 1.79052873780148 -11.4674841848131 3.36533972845566 1.62404341622699
2.23081076023337 -2.81105193186353 -1.11086901008733 -0.175450648109935 -9.51619333075422
3.10070103576098 3.81056284611049 3.74396783786684 0.485095716412822 3.28507603265621
7.3267626272245 0.893698461461571 -11.4623948098289 1.8909137341835 0.798271964163201
1.72510831927629 1.29112621094045 -11.4595409269239 0.436235159943819 0.349077839661388
2.50300906829049 1.40440532362893 -4.39961944284499 -0.311826224401611 -8.27789973684433
2.39450452794841 -2.95187175129617 5.41085638634413 2.69369739699563 -1.0510166755725
5.07032426782949 2.38919929235939 -2.70786365499353 5.44310396100242 -6.88308497094718
4.18634329539878 3.25250841192072 3.54777980352523 -0.788424059410757 2.50347065651285
6.46812275432789 1.45796464810453 -1.38546625362086 -3.50937736470564 -11.4055906994465
-0.140388226753078 1.02359767867656 -4.41360300367573 2.24150907202262 -0.516268010870873
2.21367288652431 2.89621829007975 0.0821567190289079 5.64379459530628 -3.54248788484527
-1.20058779978155 -2.22940181159572 -5.43115529127919 0.265056011254837 -6.04163779096514
5.73879932702579 -1.28071902498805 -15.6656766938253 0.682667222854191 -2.21092254403586
2.81142912554093 -2.06401811237268 7.09556080132239 3.40851050936882 6.60560473389963
7.15302123618844 1.05997939445714 -11.6044177974359 0.815066949133364 4.20212843436916
3.13851967060175 1.01886177332282 -1.89530612441451 2.01498040959328 -8.72600508540472
2.70650996527669 -1.90149701063229 4.15845087421639 0.276201692080974 -3.47353499433522
-4.52797730408989 -1.60333238285363 -3.87578414496806 -1.67024899925665 -0.825955061862379
7.24442427796789 5.81602344290513 10.1061058716123 -0.578842974315191 3.57108114522695
7.13770288854088 2.8651685782487 3.60601845935559 4.90909877779008 4.74485622188814
3.94047643517021 1.35403599314101 4.66725014810361 2.98515577579456 -0.7021513276784
8.11209366565602 2.65082112205611 -12.1069199841216 -0.0934125537189747 -3.83335352459717
-3.91310423768081 -2.17694675962569 -2.35429420479966 -2.49502246137779 -0.0487438653831509
-3.30933868651207 -2.94149860842758 -2.89684472348393 2.16899613632488 -0.399433271487595
4.18288115901253 5.55167479066011 4.82210299551741 3.14850953270268 2.97924447533435
5.53051390350874 0.130273895960156 0.0959160922805209 1.93028759026146 -8.24888788216067
0.459371619841463 -5.47213425493865 -3.5732299003503 -5.07208009065143 -0.201990361135853
6.44346194607459 3.9741451547899 4.3056879703081 5.02281588265618 -1.57267176130215
-8.70952146536566 0.43346797496769 -2.27915321350038 -0.73069159683137 -1.36145347136127
7.45175588631156 1.51819218293345 -9.01702946951128 -0.802192999938625 1.19409322491126
2.09187359091081 2.02652445365116 -0.10719085704587 1.37211781985849 2.00746267283992
4.79441762280932 2.5259715118454 -5.17840361779376 -1.85335502781555 -9.45835940566881
6.63604913471639 0.688542318214007 9.5493347245488 4.69329628072116 2.54888039760905
6.9812535156401 -1.29639334084809 -3.19871441828172 4.91077840776429 -14.3460233363204
5.97067027566273 3.50802000962253 -10.464066736217 2.55951924095854 5.25076955102513
3.16824142036646 0.197116121882426 -6.17379571221429 -0.193554262657354 1.70700507892074
-4.95831979821187 -0.596977574797339 -4.58470007861951 -2.00361945461226 -0.522530031316393
5.70665315895535 -1.35979575520774 -9.65177667076516 0.380992650396365 0.821933335176115
5.5670957103821 0.0451875267147326 -16.0281695057688 3.1859546010434 3.06513481550155
0.999862529802402 -2.8876077822378 -3.66575131520483 -4.10266211681493 1.73776788998025
5.97481309677773 5.80954178992399 5.62281487020016 2.23169624549355 4.56638937394674
5.97962508198237 0.381929769342954 -4.35882382601451 -0.680338685272067 -0.363895938633521
1.09772720109686 0.56140266273927 -10.0750672835713 2.36137448279377 -0.406179381272982
6.57625789907455 2.18912816425208 -8.47048969480154 -0.835223596057479 1.63210727108189
-6.19866206178193 -5.24271779164549 -5.30873638416782 0.82303227088465 -0.291910908773145
5.88592872348577 3.3728190997217 4.03416265262404 1.20820712075795 6.38817857761252
4.93452805317144 1.03090032104789 -11.362790343384 4.43897795558268 0.689122402926014
-6.63615232798364 -1.86222194120044 -2.41418329702431 -2.04761544024648 -1.31313953288823
-3.5734394124125 -6.09068225002846 0.0146063384022734 -1.45236259545345 -4.98690180105807
3.54897886300858 1.04905203691153 -11.9780246970328 5.26356525074171 0.971408377648365
8.32968359890709 3.95977724502657 -6.9881992938842 0.621473795699013 0.833477300761995
1.50035176012156 1.45262091757328 -9.96364360000369 2.85571783671076 3.89760005849403
-2.78701001805817 1.09418581325254 -3.88586768384774 -2.57844951473682 -3.49588734610842
2.37584416959996 5.92998274416674 0.451379529483069 2.87030509406726 3.20822779794034
4.73217855727287 3.26457295931358 1.37231639138636 2.61661659263158 5.2582545140418
4.49804706011111 1.31402758163333 -1.43918832575962 0.440647559830102 -7.08466810180134
5.6713282134772 -0.518799507969041 -9.92495697820453 1.21157182863183 1.27921040093195
-3.00292870357016 -1.48707750442678 -5.1837319829153 -0.208552765390459 -4.48673376567638
5.33049567963043 3.98454895475029 6.57814771468704 3.73661336440165 2.42916178217192
-2.4974473247294 1.75576002470451 -3.15974108907101 -1.38114176925921 -4.251403993517
3.19750727736535 2.59315644361698 2.67893446434157 3.33346688466487 6.87879822294701
-3.71419437194325 -0.29365809858497 -2.86613180124499 -0.612693476561031 -1.32852296517444
4.22652960926849 1.49210489899172 -9.51973003138136 -0.5423204194211 0.656820901240243
-6.10710897233416 2.12581216133536 -1.14219474718397 -3.32270218300567 0.894173368193767
5.79825065837879 -0.494575842487319 -1.19664157405468 1.17198687840112 -9.37848073678258
-5.48016963880437 -5.33361925273549 -3.72650693427197 -1.18551812243758 0.147500782335819
-2.85801951605967 -8.34216081054739 -2.33456050522205 -2.63852785787406 -2.22926714588121
-0.876023158568524 2.58422933166743 0.895729485841296 1.61973859242609 4.94634304135188
4.02715915244117 -0.927730474391073 7.98238328306197 1.67271617898086 1.74026183693023
-0.481039450299244 -1.40074375770443 -3.85397559027094 0.638166500106664 -1.71626350350331
3.8397142089181 1.66385335694684 4.39885313918931 3.50079707174691 5.63410077460597
8.28833658061606 2.13624459935791 -11.6689849980124 2.12818730908238 -0.936873826880621
-3.44304874553205 -3.29309871772251 -4.26646372294472 -2.10335140591598 0.351595912517312
-10.8178463281901 8.08756918054095 0.736501056228832 5.42334309284037 2.8597972737213
