x1 x2 x3 x4 x5
2.81649925613979 -10.0745965797773 -0.0122297069014039 2.23742591650381 0.693791754267594
-1.44725112016704 -12.458107148245 2.41377358881136 -1.88339874280922 2.13233818357974
-1.34401924381822 -10.562085541147 1.08589794227736 -1.71756564657216 2.64536607176448
-5.81388338559407 -2.34021202100219 2.14341964865843 -2.73144219959635 -7.79013688025166
-3.8719933419188 -1.22933806501734 -0.470972790296004 -5.27286736119332 -2.72892180492735
4.605168382818 1.53051169936096 0.420769810048973 0.311903172426747 1.4876544322487
1.21973356675861 -13.0756641523882 0.998142301891902 -2.34982002212462 1.55632186087525
-2.41322120032217 -6.84376765321675 0.345626180630834 -2.72185077272518 -7.05594854265498
1.39533160374999 -2.48462454341155 -3.81232854882715 4.45226829131914 3.25515439198797
5.70407098993685 2.50245863507819 -6.14715942947332 0.687214941156201 -0.285727923319664
-6.46452679100538 -1.47351547969477 0.743581846265902 -3.45709491612759 0.513603722161839
-1.06693255986725 1.38207632891422 1.45624977281552 -0.131115279275509 -5.16492233889891
-1.61125253441001 2.11692398888665 -1.87090606701159 -4.58105339087382 -6.79075942149628
0.994300026945764 -12.7694277059569 -1.18028383231806 4.55138711827892 1.74343021235022
0.324185882252825 4.46279503379534 -1.95632683843398 3.14005566868536 5.23809466317689
-3.77736383534054 -4.04329462288846 -0.508959307951662 -8.22367870371361 -8.81954344567141
-1.94391255596425 -9.06632597944984 3.91711492535629 -1.81068269919556 -0.0915436864132474
-1.09723931468284 -10.7063405654484 3.55880722474056 0.252502181909758 -0.563933787292443
4.0005761185565 1.71264472428222 3.29188300117383 6.13665190767795 4.91322240418894
-1.59740412513264 -1.05897112659073 6.4506543758866 -4.40263095292886 -3.18315696546524
-4.4413051104022 1.97051873397946 -1.14095267052798 -3.91178322451926 -3.74618246965314
-0.506546611145613 -10.3779712131772 0.881250863464129 -0.460669240727894 1.1686369881279
-4.79399004556375 -1.80878642035373 5.17136932466414 -6.11170038086772 -6.25574473786956
-2.72840424964745 -1.32804697576614 -1.63379865038082 -0.58557327247716 -5.22114353176842
-1.42294892754461 -13.4228406764955 1.45677422810914 3.61923345868723 -0.164364323468915
-3.90740009837787 -0.721988178809614 4.66958661096209 3.84273307672779 10.1749588168036
-5.5242288302596 1.05570364040137 -1.94966792193422 -5.17315528317909 -2.80587817062109
-6.47815145151701 1.10918708060611 1.9214941509154 -4.00860130228862 -8.38896258891925
-4.93065901091996 2.14197571914148 -5.29603612179639 -3.81162662690911 -2.17255262325303
1.57727131618653 -12.2712705853352 0.539954476079924 4.8414634302142 1.98838020909769
2.51177842063332 1.63196527571924 2.81840184268024 4.8979783542716 6.84648521554067
-1.13762801426729 -13.5638500261053 -0.773160786988302 -1.06294594574219 -0.845936036546981
-7.48637137817288 -4.52955486358358 -2.73116648425983 -4.03149891817864 -4.73347485358416
-7.39704796689793 -2.98721420309404 2.08720576556863 -5.58351886960643 -3.69420975367075
1.34256839637631 -12.2707840105182 -0.953239474864461 -0.601452950066258 -2.80652402267787
-3.65550975683862 0.11350856679303 3.10778929808884 -6.73768252431662 -4.27506572918588
-1.68554968384774 -10.5532428640565 -2.75320420259048 -0.699881475678248 0.152274388334985
-8.29454003273883 3.05161132632251 -1.43501693809609 -3.22160440928201 -2.8305845041013
-7.9627185762789 -0.843695136934966 2.61981507744168 1.29598271505795 -7.10130028972934
-0.786335752146596 -2.20520040614 1.04866979533034 -4.25281440789598 -2.66360251577874
-4.17739243407138 -1.62549813222134 2.50837596809604 -5.71281757881159 -1.81805270669489
7.77259288112785 3.33338439171685 -1.68980187403904 -0.645188552223532 8.18897623561426
-6.58909358043696 -2.72159673581357 -0.360853727923047 3.13756065236058 -6.14902609728778
10.8104535721828 1.97354782935814 1.02035043066474 3.46136430305644 2.24657067233217
-3.12568381938172 -2.17419976532247 -4.85458252410874 -2.15787961790569 -8.81693928222932
3.14583574489663 -1.35484228908262 -1.97081888754448 6.71782784021509 4.29249508535389
1.18239912013924 -13.0644899704103 -0.344317843061577 4.03728989384066 -0.068447220261697
4.2380193609926 -2.98245182587127 -4.1453348515414 3.7665035714234 0.163734434792359
6.72203437083185 -0.759600913304589 4.69942891006855 2.93794725307021 2.11877287762189
-2.97093873113279 -3.57934189115603 -0.596195607611788 -3.65575624738247 -3.2438370489294
-3.68710144750578 2.83437224272938 4.82306224794017 5.75033499241139 7.48158230165602
-1.67474150126358 -4.17277190681801 2.58298386533658 -5.26074542694863 -1.73332032910674
-4.80767573886806 2.21581104905477 0.734476892913588 -5.01911139286346 -5.62196620911304
-4.70415265244583 2.03401408764796 -1.41599354907968 -1.69975619595928 -2.1603005233101
-2.64531914286173 -18.6603333682186 1.72055401428757 -0.480159875144915 2.37342832605307
-4.96181984536767 -2.18006876864956 0.637293075773622 -1.70820912299201 -11.2365540012247
10.6763842308986 1.82236193518071 -2.56088356457841 5.37282716161578 3.20689883318361
3.12208428627054 0.977255152928453 0.766513692907459 3.90313563798644 8.4610708620125
0.69714853038791 -10.8231487153539 0.22958676619173 -3.81295776360592 -1.08940823859545
-3.89860169992604 2.04230060221185 -2.10059676926802 -1.91957319719224 -6.93234396809056
3.11367353866615 0.272235125804752 -6.3520644538156 2.06115195099039 0.819912026389182
-7.07827312009562 -1.25835037421501 0.234735117640628 -4.87082462349214 -2.18688922660746
5.7599697233938 -4.58438711994303 -1.82886296854577 1.30257554679718 9.17049033593522
-3.18896312871476 0.0673544461910677 -0.503443370138916 -2.22225879951431 -4.19975480451242
0.149119089963173 -9.89024963501394 2.55887530087508 -2.12600462712149 -2.97295885963142
3.59644053713268 2.55380662288308 5.25462803156891 3.89634012822459 3.15502003127013
-5.20639753624496 1.94997499063438 1.50197291125125 -1.82363433128401 -4.24298345003988
-0.512019770053097 -10.4551473681895 1.27405496753214 -0.957790286197591 -1.46883318755116
-1.46568957125761 -13.4410079883826 2.47960870295776 5.08245842215073 -0.285523764754265
-7.05656975532669 3.87220954878146 -6.59900955742676 -5.15636564862101 0.367608207934709
-2.82679386470278 6.71936974517881 -0.446879463172763 -4.15722299037438 -9.90864842711484
2.45240300510659 1.62915665189183 1.0222338563555 0.900457752533702 2.74805103910233
0.281589120958488 -12.0124667589695 -2.40991614355081 0.962567431510932 0.0108115198872242
-3.2104416736925 5.56773102976682 -2.72185496834153 1.00685725185337 -3.66350530365979
1.05371743955865 -12.5833619850954 0.0833559138833502 3.04259416392495 0.572769493040733
6.38142569295074 -1.18672888669016 3.15623684063375 1.98527676396488 5.98136847668414
6.2512700212026 3.48291873862676 -2.49238446282674 1.31985631715381 0.334067165108554
-3.26000442420214 -11.8219748019954 3.66046600812683 1.02832391198116 3.48119315417356
2.31663917012616 0.476602748558713 -0.939977717938801 -4.40288598929197 -7.19614177510219
0.726272342033046 -2.026377926846 2.41021584023674 7.89981558325028 4.48336093100776
4.14642660160427 -9.16469749150941 0.792926417910829 -0.967851949822824 2.71429584915818
-2.00228156147971 -1.38122109298912 -2.41501800343473 -0.0497650906072691 -2.22975933364701
-2.20856414536675 -11.7312940811698 3.11893990936342 0.824564238908116 3.71414040790616
-7.66800238850847 2.18811444273266 -0.292684615597676 -3.5644707982515 -7.7115997342368
-4.77942079134304 -1.27635222665711 0.676797840286131 -3.04119034158318 -6.02292021099506
2.1780541773738 -12.4482756651876 0.871217780697218 -4.67808400936893 -0.213836808743573
-1.84590725166882 -0.197387483567534 3.90184634313661 -1.89293607114551 -2.07986609389975
-5.39078497882756 -1.02892833480761 -2.08732350491858 -7.15930949118353 -4.05728840276137
2.81985143744671 -13.0754130523437 -2.49922122090774 3.07373163592606 0.394199424381836
-4.71320141640878 -1.84927196620695 -1.13498689043887 1.82612685088437 -3.20009949688955
-4.87578728139077 -0.841235707417931 -3.57838528515917 0.808796769350457 2.46313779911318
5.51202624526634 -3.4754281754318 -0.47316157910988 5.50629262877971 2.22943830953667
-7.48134984437236 -1.41718553784472 -1.70402292308512 -2.11493415198006 -2.10054947653927
-0.520267103754354 -13.4963642986966 2.45525853132344 0.638532432524665 1.98381010900443
2.24232094787346 2.60556973945005 -0.0965060147574878 1.59603753568582 3.65583163773043
6.02647703157939 1.10511385775924 3.04189836488628 1.82985948220546 3.89889054337123
-3.38368179363206 -4.41601669358539 2.2478932875722 0.219954034225313 -7.40807300483577
-5.73456920494444 -1.99019464716402 -0.0022800611153907 -4.57915067978381 -0.351352882656564
-4.60482456385432 -1.13618461063811 2.59374762575741 -5.65234104127596 -7.27444394913339
3.10944618690419 -11.6596065798502 -4.66761298617629 -2.30931030700415 -2.07294035532066
-0.105806208848473 -8.68707261606655 4.67492995877738 0.145982585733324 0.943201620010525
-3.07952633247469 -4.73887395761814 -0.605420176099658 -1.16609902628646 -4.11326334866216
-7.56775340011719 1.38153755342671 2.99567249621313 5.51054697196719 6.06227014467153
-1.46363457083546 -10.3128134058612 4.73480338952677 -1.2842455513444 1.75139454373123
2.55986557966701 1.30687609944307 0.713237865494235 5.10479621022682 3.25351418000163
-6.97220535800437 -0.327694348994769 2.22278665240444 1.87853882647311 -6.8781219109929
6.0570414510092 -2.01544267856981 2.78844971379797 2.08799686432083 2.75703069697015
1.84584979532082 -11.1295842429461 -1.39534211702743 0.481195267708504 0.332273796690308
2.49702245541778 1.76303454504622 2.23560117059026 -0.347835561584382 2.40827956190912
-3.22455158179179 1.7858343879883 4.17757911320719 -5.48635741686421 -1.07377266821667
-1.58354645906224 -10.0610144699786 0.733204669755273 0.288271626857951 0.62795680106333
5.61559315667888 2.53194632291866 -0.667190649590563 -0.167557838078362 5.83763269518842
2.36589809021526 -9.5025717837591 -0.512551603739608 -2.32010648936256 -1.1436587497808
-2.46191323644384 -0.80561773456758 1.58359984187871 -3.63510091981912 -7.75401277951855
6.58081692005169 -2.75234283454619 3.81077336717079 4.48509577571544 1.95014316350473
-3.00050060419687 -17.5990512321357 -0.323994087719292 0.863313480119735 1.18247428643937
-1.46807032080675 -10.7033577170372 2.22868315749002 -0.606179720219818 -0.770529735358278
-0.374515817932073 -0.327940044307771 3.30654891102522 -1.60935066657838 -3.27452022728582
-5.30244908788454 -0.55054936672274 3.1644617935209 -1.59535550602108 -1.12517997322256
2.95894362378711 1.00465111609012 -1.19408671579367 2.34784117284117 4.4623869640881
-6.3926231243631 0.164859610019805 -1.91430526306425 -1.18672820792591 -0.0478747196978135
2.08116030611622 1.13320849799289 -2.1730658185804 4.36765171524972 3.62416192180414
1.55433458277464 5.77848145453424 -0.706403984035688 6.09123027322923 -0.477853128677181
2.89150889973562 -15.0836649753651 -2.60617299404004 -1.21743184483747 0.223907747409461
-2.60053165239357 -11.152773280866 0.770386103792911 1.87936533747241 2.18809399122765
-2.89178135989013 -3.85305398939251 -0.0575072425200323 -4.50625192793662 -4.85757777267107
5.08652711946756 2.25433368469392 -2.67621825352 4.01252711767843 5.10131441703679
2.56102103474343 -0.42910697664084 3.71790194373427 2.11927097821966 3.92068548013401
-5.99849542957028 -0.333208683578086 -1.51165900734075 -2.63412939489122 -4.96966319632378
-6.0819197311779 0.946287166982723 -2.52302529691969 2.07508479636658 -1.23022089734811
8.15387062155853 2.59658169991532 -0.899241904613902 3.88864717256748 3.08808857921378
6.12879937255432 0.135911327900055 1.39367475413714 1.5974047493499 9.45820838114938
2.22576564867788 0.282044675038375 0.367159175809844 1.09086724944263 7.67346906996214
-5.19150882899008 -4.60973623719532 -0.324724418420303 -1.75069708838962 -0.205054799458341
-6.11410814118443 -9.37557643301257 0.299106366265068 -0.749981984499422 -3.12316245421786
-4.46374929728778 2.301862295814 -3.77640495672626 -6.69234232137307 -4.97268154071089
-3.87636000451112 -1.05477050814615 2.70645118546335 2.56561281806822 -2.58379974044007
2.2132856705578 -1.29699438453766 0.998931211860552 4.44477257722829 3.14515630603808
-3.15873344302521 1.76351698821883 2.20561891532079 -0.725865997584201 -1.42715665880332
6.17471035068681 0.693672147072595 -2.1561056567801 2.05792466757735 5.54830430491962
2.44280960645965 -11.1716718465684 0.50827819375321 -2.1580244295454 2.3030556517637
-2.42291216065053 6.17058836991507 0.459558648279618 -7.0397505318138 -8.38194876430464
0.897054862514615 -9.59517470198677 0.757970947574474 -1.03736981169165 0.822892697047557
-3.01363720599601 -5.38061578222598 0.428164000263285 -2.70624699668149 -5.51933930785214
5.35737039603315 -14.827931979736 -2.35551636372453 -0.462116667617865 0.345146057149788
4.32540298326431 1.94400039085918 -0.714120269376564 2.95060250151933 4.5011714420298
-6.17577977574235 -1.48093952225551 -1.14912599507904 -1.22755024482907 -0.711158841127055
-4.85814573123663 1.27599681241223 -2.15363973461357 -3.81241056228204 -8.1189546963357
-2.4491202142511 4.47656864195572 0.678963435124803 -2.26563639692552 -5.80559168352706
-2.46992400224218 -15.7985202061151 -2.26608492792897 -3.02730710413896 -2.33016137821965
-1.32781293220121 -11.824902035682 -0.132030432182562 3.66002829536656 0.21276167427304
-0.378300223844924 -11.3740559103515 2.25281517298298 -2.37761880550957 -0.248948774321393
-6.62161640419744 2.4098694456302 -3.35828170699179 -5.84225553286567 -4.99987634699767
-5.063608775566 2.5540448864344 -1.21367060618292 -4.54313859973313 -0.346020240003769
10.3172497923569 -4.95165945919625 -5.80115667137072 0.339478097845817 5.84761070025598
-3.78667153083118 -0.313260823409446 1.86647103734723 -1.48123666025044 -4.11824750368015
-1.19432716853285 -3.04718196505725 0.0842698358171863 2.82692082264755 6.10760583317978
-3.05500774094344 -4.02080818192854 3.54931647415893 -6.64488411721406 -3.08227685449037
-6.24274900552148 -0.165275222830466 -1.59695124201089 -0.905383691891281 -2.45706053705712
4.26181326910049 -10.465862773697 -1.29954085071111 3.43045089754034 -1.24795539586045
3.80813250370337 -10.0478129621115 -3.22101286060615 1.49047260783717 0.0782617663374881
-7.29748476632287 -2.60967313630969 1.38584823842347 -8.00246234949472 1.73860438507615
-3.52273674930006 -3.96392145943301 -1.25019972246194 -3.75979032381988 -5.54327236699138
-5.98332045341124 -3.41959989435951 -5.38506684972086 -6.24019872744704 -2.34648304349738
-1.29159295980318 -10.3665562330179 1.14477682672661 -1.4684654997593 2.13839611537681
2.17987927800442 -16.0444830320635 -1.07999166101114 2.28210954037869 -0.580334672090205
-0.397271968180806 1.71624815001684 2.77475878293983 -4.82581708117575 -3.88241641596491
3.92645245780246 5.27308164433033 -3.27623623131099 4.45238358105101 6.25630792289767
-2.09244562654861 1.47300708595462 1.08391571179262 -2.98427939945874 -5.75584385777871
7.69354294015053 -3.93119679856819 -0.723607230027779 5.01158228504148 4.67701654095959
3.67076623399878 3.72836923967212 2.72280135974678 5.82408986255189 9.03682141033804
-1.96834886872639 -12.6560970538372 1.09878545383879 -1.79676831814891 2.44397285950124
2.52364101449054 -8.12473581115455 1.24895461325574 0.261400760302073 -0.595038892036927
-5.66224511588641 -3.07070249769872 0.0722737223341751 -2.95710117113577 -7.59275348853488
-3.83468683331851 1.32168797070056 0.388499350096891 -8.20010964046135 -6.62835650654692
1.05632054056139 -12.0791318115635 -1.0197811797431 2.73569783533674 -0.0203076038630596
-3.59712902581026 -5.3280826193627 0.250980791908392 -3.31687965877668 -5.29195733330104
6.26214869982224 -0.732150899620374 5.01728332518252 1.53219951186741 2.01248161738561
2.86622095973466 -11.3100397997226 -0.740163814999598 -0.253791682566615 4.83703097231989
9.23178166509371 1.21933181455869 0.960275056228287 1.76863205415576 8.20412491070504
5.43816140269424 -2.30706169780175 -1.42940933102437 -0.14915093897557 6.17591173433868
-1.37434190960858 -10.9514931773327 1.07244296567119 0.359309898753491 0.79123387470559
-0.937824377696552 -16.053666812234 -0.0826887863002719 -1.80891829049226 -2.45225556045195
-0.755945530875287 1.93792723259998 2.96386732405607 -0.366399011312353 -8.54709172450321
3.1360458362138 -12.357801667047 -2.17742213390519 -0.630985143864918 1.58658894777368
-4.45251368058941 -8.01539447209758 3.30801262140938 -0.721540749864618 -3.5429027975875
-8.67739446654951 3.58804937828547 1.24216394748674 -1.53882783767783 -6.22398528540841
-0.273400145386098 -18.1518830718863 1.7041805474498 3.50086664464581 0.707553571964175
-4.08039847682478 -2.58510602712676 -0.588471166096632 -3.79455388856815 -3.97981556034526
0.190006591302896 -16.1328349871635 -0.911512080270355 -0.253028617025723 1.6117871874712
4.42689159642331 -6.78590261673378 -0.369539385269196 0.590863651558872 1.53377300474242
3.19345130689944 2.63331739899168 3.2780198700997 2.50622171292469 5.36016125517655
0.366649878540986 -9.03859768126022 0.276190016048819 -0.201924596569027 0.826873649461187
-4.95611425933169 2.02731046798772 -2.2541342448235 -5.5613023517328 -4.05959462976311
-6.69897803230741 2.10884378909843 -1.92274215860933 -0.549920157889982 -2.0084738862293
-5.71768177665169 -1.3667961279133 1.3809556526114 -4.81808406110128 -7.17015156001637
-2.23491668515902 -12.7584918291182 1.63993569431137 6.30964504990075 -1.33511781056647
4.42718172893387 0.938409011324344 1.88129252930444 5.77303808377596 3.46258925989129
-4.94679867811704 1.81586486954824 -0.0289067268612364 -1.63950631473691 -2.24882954400176
-7.72016121948588 -5.31156085299372 -3.51526437854598 1.19105362631312 -2.95150829204947
1.08744563513516 -13.7662183153542 1.27489897679241 0.744666075305425 2.56776764881501
-1.33744117020544 -15.2954824701795 -0.0959485809101491 0.44612173261942 0.374924356777621
0.175953800734784 -11.83451704835 0.0925355565221947 -1.80953496920327 -2.82672038272792
2.05305008834017 -14.1076018044825 -1.96093319797545 -0.386409338178385 -3.68711782931175
-4.77598810278637 3.7710988908327 0.338747555484218 0.00824018197204746 -3.84336591800128
0.765250631954997 -13.7381831559366 -0.459343320057879 -0.783100322895492 -2.76653286255147
-2.69084780667983 -9.73169325137602 -1.71684521373008 -1.32251061238451 -2.57367790673902
4.35310023398442 0.737595882683624 0.612919173755394 1.2051677124029 8.58979472003788
1.91549598577093 -8.82549709989547 -0.389220092756642 1.36047041307199 -0.364177419191784
-3.10926089084906 3.45373360563985 0.634179539380362 -3.34022203356074 -10.4280971340923
3.54704166834736 2.20405801620715 -3.09242688181344 5.17135143498411 8.81696953122755
-2.22721760804527 0.48697272061071 -0.770614942963647 5.04418997725752 -1.62138266548986
0.437604254708964 -10.138941960947 -1.4360298878393 4.45446805894516 -2.25888100481718
9.85870465122919 4.78404881172362 -4.81882816091074 -0.746758164591222 -1.90485846688613
1.27830507273399 1.09979907910841 0.026512025805789 2.95056434041929 9.30151704074649
-7.04393198262088 -2.5722693522912 -3.10323374912889 -6.9671797095265 -2.7039373608485
-6.53667164750563 1.60480176216281 2.73508774185523 -4.03777551200224 -4.82364365205192
-1.89148075894371 1.61992672716875 -4.40233147738585 -5.55777521120715 -2.93098082176416
1.75155853464367 -9.68621312192806 -0.0161975917526384 -1.28568660000646 0.975163072508068
-0.248467979239249 -13.9171020585588 0.313889189772433 1.95404810048421 2.40363104498121
-8.52331830203588 2.36925270125514 -3.11159184114749 -3.98892620068706 -6.54480178434578
-4.97389377011979 -0.266683932769375 -1.92044873422969 -5.83897762780388 -6.42630539723856
7.33219773451902 1.43548668016248 0.155585452851648 -2.33489186384286 9.52288746419214
3.70948230242041 -0.703350306835564 -2.87127173148369 4.1705737577656 5.45215354576705
-0.597355025173962 -11.7632587851066 1.04494920102705 -2.13936406832483 2.77141613492556
-4.86572002337511 1.157664839209 -1.37646819633046 -9.2422328630876 -4.75956523148536
9.55081071243037 1.74939550284089 -2.03950241314429 1.11060295060189 1.8246379113994
5.41125687569177 -0.411444107410079 1.79131808080497 1.31162688545809 9.64993936018274
3.80383884739676 -12.2963919003726 -0.56761060613953 0.386377335017226 2.23261654561553
1.80290257478184 0.50101824246421 8.40425283072182 3.72235121961305 3.30419716357373
4.06466146798371 -10.7818068633323 -1.42727181066052 6.09385366112325 2.16462027439992
-8.27267132515806 -1.71498647796343 1.76193504303059 -3.75111772371076 -11.4301827618363
-5.6217575609985 2.43996514964777 1.02785520233288 -6.39946181374849 -4.85041905127815
-1.35263284161318 -10.1855333666822 2.48759470807293 0.433207187341872 -0.10257348363634
-8.85167911725065 -2.99479425507197 0.545237270518454 -1.03216453256921 -2.78282707622618
6.00008949268793 -1.39461752695129 -2.11726885851184 2.03320458671369 2.41740539421173
-1.03429532646811 1.26960144767585 -0.826102558447666 0.287199704395466 -3.74442851101385
-2.60620622997146 -5.04877128061608 -0.149715968300827 -3.89519533904117 -5.54016669117716
-3.12454060292425 5.77707319830225 -1.69307225698465 4.12141316314238 -5.21763202462464
3.85960210480647 -0.48921302170528 -3.30129971036216 3.92758224412741 -1.57114044797217
3.84924645864607 0.152837847466977 -2.65159039222498 0.262630043516239 4.25322917885511
-6.31775302772021 -1.67884235718217 -3.03749702080413 -1.52719124371868 -7.98256167284916
-4.82539829067709 -1.73044557480074 0.827059535525436 -6.42798550398185 -6.19003828213701
2.46544136581562 -10.7620386596476 -2.03543294092733 0.281126522158686 -0.867393795197429
-1.62142924841653 -15.2069346137687 -0.189849366241154 2.62936836695118 -1.08749890947194
-6.58612184287452 -3.30550982251192 -5.11002630204598 -0.404624201035669 -1.75793409131839
-1.57494960571787 -3.12776516056402 -6.57933643096785 -6.46596915403229 -8.79182275569966
-3.12465165714186 -3.35729949055112 0.504959338959892 -4.36077679307404 -7.00734200424889
-3.38770952033139 -4.11011685156351 -3.87630201836682 -0.554116800260867 -7.55030981002376
-5.13295415101614 -2.6414339300066 1.56195710460327 -11.0084785546198 -2.76232214560465
-5.20933727424399 -1.21366699769374 1.24029548437587 -2.01447119651676 -5.06930300919042
3.49690398625524 -15.109076275965 -2.87960151370645 1.98066793865086 -0.0212807177575013
-0.728996379750545 -14.6212867551968 1.57370480954023 0.734056766532908 -1.65618927938124
-6.51303175244402 0.308702424697539 1.24738591189417 -3.78426197696496 -2.29866081619089
2.85940722271906 -8.28742366247219 1.98111921747853 -1.11740959168958 3.12947773852582
7.09656589941719 -2.53621011504868 -7.00637192343188 2.52031000368292 3.84835223208783
-4.29178047903783 -0.158176306183126 -0.393281242770685 -3.61641594738106 -6.77393572063336
-1.70273721064189 -2.71312179060045 4.61679048950428 -5.5438396065506 -7.51273998960051
0.248810902316547 3.56560371846094 2.47295754459384 3.9510206084066 10.6912730122213
-3.26574368777132 -15.8221386888448 3.32215944947912 3.04166245011138 2.52677689431234
0.920956274667408 -11.3281687244052 0.493099744069919 2.47966319806271 4.24945102899233
5.83834549697574 -0.0829796472885643 -6.80962844235273 -1.8031842715426 7.29328441468865
-8.9827330978785 -1.29693342380377 2.2229548484295 -7.83216890564116 -7.4254944292403
9.08016190242993 -0.954101610811555 -3.45170145654068 4.01983940038235 -0.310909201901398
6.05758859573218 -5.77232624650396 6.42926893531885 4.23479939882587 1.01560041717004
0.931891892860044 0.00904585929782509 2.86710419169675 3.04748813932451 3.80676464453851
-4.50781504310234 -2.88742125012283 1.28843945161123 -3.27279989808648 -2.16594086578763
3.02754020930847 2.14370918569206 1.93969094047516 2.40489282206 9.62223432411185
-3.95288510048627 0.912907805572946 0.490930227266441 -5.3522916898235 -0.639612163164632
10.669756745496 3.11491722793183 -3.28445749844298 0.897692310639071 9.71902745149623
-4.12423222931127 -2.64163935896776 0.289136132396503 0.579972610849074 0.748652354792584
-6.32869828743975 -2.49621941158597 2.1983358341172 -5.46576137727716 -6.08331946141038
8.77283772289665 3.76557765813693 2.99860033368188 3.65841040179862 3.22011621776358
-6.2599899994558 1.06368408898815 -0.793532827838574 -0.858640531303715 -4.61603139639022
4.3946754441122 3.44543446658596 0.479523590209248 2.81570840000447 6.43442373628725
-0.833174492104601 -11.0450151713396 -0.102231196620232 -1.82579294692878 1.54242588250544
-3.40618307410707 1.87474642434197 -0.7553256819588 -8.36477653953777 -6.94388609025319
1.45751985265182 -11.482822419039 0.701561509647466 -1.17944481973923 0.119499027108909
3.185650828032 -3.64459159097359 -4.08796683781463 6.23182940718693 4.75608994399623
2.84848778061664 3.97493001875866 2.02186373619364 3.4434675536936 5.88858739371603
1.49972281259959 -12.5659609882649 -0.563149197834859 1.27683110918816 -0.535579490764269
-6.0606138094209 -2.65702039087143 -3.08485342338309 -1.86918782680897 -3.42597116593873
0.772172502130308 -10.9203890511761 0.0681003449333085 4.29508253799822 -0.699399209503419
1.16883276263419 -0.0984545485745034 0.821216666978172 4.40062697607055 3.5805008930506
1.17913562484338 -14.3078188245073 1.31906977740203 -0.625140134956241 -1.46172851704413
8.26630482616786 -1.00710982492141 1.96623102859474 2.8367109985425 7.30662720748539
-4.92278199889622 4.23456694460376 -1.22725113845383 -0.612154277827745 -2.96706550288302
7.32652016794234 -2.32062473603328 1.68280850843731 2.8852794546811 1.62188567752975
1.4344120690437 -13.3087272567234 1.7521906772908 -1.1946524373909 3.52524744729339
-6.3620996130342 -1.95663401691518 -1.06982536751215 -2.42000098706625 -4.49087032513728
1.24355694772289 -4.66509996010233 2.07956622872464 6.01040515830863 2.02213054849297
-2.12085872341883 -15.5366323856336 1.26097134435739 3.16708287419385 1.46331262454403
-4.60235115388649 -0.913553564499887 -0.294237712896822 -4.38904060327888 -3.47807133370681
-4.84928108379809 -0.470648925986442 2.17142017872249 -3.2513711870304 -4.5895101295569
-1.93031172890024 -10.5547370088472 3.3207310543121 0.188099634066018 0.365623515139067
-0.171873411327036 -16.1385693931837 -0.214861577310859 0.756939048724433 0.717314069140782
-4.81105320763516 -2.2927032652294 -4.55272183723655 -1.27991591266894 -6.77459657372192
-4.43257141668532 2.59911071158154 -5.64353289956845 -4.01759451979201 -9.14994955900757
1.14330102190001 -10.2278525848331 2.18154361117987 1.53026536206006 -0.301892973273625
1.8215115875999 -12.9488772011488 -0.720053231574612 -2.33754929940272 3.13573943081798
-5.71710958564495 -4.09661311774243 -0.00119951795497092 -7.21902832548241 -9.73062771577713
3.1708120797565 1.03683172306966 -1.82641035025957 5.05107388405978 6.08094827477195
-6.78049775092199 -1.11017816937157 1.36991971626022 -5.05871495459113 -7.32718649078991
-6.44039602815256 1.78517274160199 1.70463882742137 -3.02170816025763 -3.11656792896865
-2.99207274308978 -7.59281309064884 0.588206921496932 -2.03886554228963 -1.65772596011346
-0.0962735111329227 -2.13590657229263 2.47170477202104 -5.29260793210535 -7.20255293644776
-5.82709932698137 1.37715348092132 1.33350427226256 -2.53428557415611 -3.65411518146425
0.607858200063938 -9.25219062033107 2.28613030686486 1.36243368931375 1.07985411883423
1.53753473681182 0.906532076707192 -6.58201736341661 1.76977447065429 6.9250743850774
1.37710742407486 -16.5624961241674 -3.79504396760545 0.578327912027634 0.112768345748098
4.39199042873485 3.80431711915951 -0.730979338014044 4.52303591436168 4.84026023268114
3.09995987967191 -7.0705454858942 0.830536692055077 4.74986570758184 -2.90369949134551
-3.55222382470719 -5.71558973018898 -1.82145018713873 -5.38193718324442 -5.67613863245084
1.47031953421216 -7.86378676035897 7.93466980893513 6.40243711854698 5.14509343279757
-1.48014592718249 -12.484103515903 0.649480229918751 -2.03627658509012 -3.04237333645972
-4.12080665382489 -1.3596957230682 0.330058995605129 -4.30994991885334 -4.31449759548703
4.51316344222525 2.81758043718812 -1.82841748498289 3.16657764002196 6.6946326354863
1.23849192769739 -7.3412864608122 -0.664130738079153 -0.671007120509613 1.55679517006798
2.0341721722193 -11.0607914382845 -0.762573716616381 0.439041375472827 1.91879313963295
-3.12579287918836 -11.204805580452 3.19924028070584 2.46344902364408 0.853875602718567
-0.11993503537423 1.99851286651304 2.58077100979681 3.88427971426369 1.11207173849531
-1.04745354645086 4.4067528462362 5.44187500728951 5.0334352066327 0.472921109310292
1.67560591611416 -12.9290377974378 -0.838615397992308 -1.27963007025296 -2.59791981415936
3.59408113468089 4.46034393836795 -0.921679886314272 5.73018830081804 -2.37780561489326
-1.95363394052942 -1.58105125604685 1.1005964512571 -4.69602694317228 -4.40010786493871
-5.75410608276049 -2.05416475499233 -3.48892112383749 -4.34548456663209 -1.4681887518172
-0.488621107796523 -14.910770413954 -3.50764185501446 2.87608466506318 -2.799783561579
-0.46044392027914 -11.8973112183641 -0.334715558157652 -0.394665611404306 -0.434642649729879
-4.15469384461883 -1.31323518079782 2.30766447153001 -5.76221644667489 -2.80320684185475
3.03285735870461 -7.97189651657777 0.935629829483448 1.19327178206301 -2.64768804302774
-4.18192618807124 2.21993063373601 0.641478000201114 -6.40417441831969 -2.11662121653303
-1.31314687913798 0.127762290855867 -1.783536297261 6.03209467963217 4.45866126001883
-1.97384750779312 -1.99868536355631 -2.42083367801646 -5.10441454483663 -5.44980132282374
-7.3983881639224 -0.521936673608959 -0.301578539612374 -3.8317382430139 -2.27173385883437
-4.14955541894072 0.894051982298192 0.668029586589295 -6.05163074990208 -2.62649122090139
5.77969086030385 2.41812088042931 -1.38752907182525 1.44765362536599 4.74938961900073
-5.57854698531468 0.722802775552842 -0.312945657786263 -8.4693217051058 -5.59511806227721
2.23237250528716 -1.69254485112234 -1.70581356533711 0.0202203100004379 6.69006409131254
-1.79588516911324 3.07998976195398 -1.08650489330297 -5.72453793472654 -7.65399514663212
-7.29676682278465 -1.72356169815289 -2.56746103014078 -5.23472226357484 -3.74303963674095
4.73277584570484 0.643473320708242 2.95645347620592 -0.63447491437092 4.91618881735586
-4.72576083834651 -1.15888449462116 0.710088410421624 -2.7023895422604 -2.66336563886483
-3.34607471449775 -0.568606233142033 -5.20213468960615 -4.62124970351144 -2.62840056523553
-2.62722103256983 0.443351854701354 0.478723722633596 -1.58295687118403 -3.21027404026742
5.39137948539923 2.93037994680915 -2.92249463115808 5.22174936653164 -2.3204055382604
0.748624407038926 -13.5495569908991 -3.17913874500471 2.0536696086103 0.141185547881296
-2.31149966341989 -13.2165441961543 1.10793539133729 -3.17219286843537 -2.07390306650543
-4.62023763437807 0.756711418759586 1.85199232195043 -2.83174553520982 -5.53068709690809
2.92539240100738 -0.409666107595095 9.94596214947106 3.37708812689733 3.4643855130787
-6.64541739351461 0.677571993030487 -2.17787181919993 -0.414126157550995 0.0598267778774026
1.39278348824316 -5.67388385369095 2.69578588603663 3.09066351314821 7.3856119262099
3.24640551982784 1.14956414707968 -3.6278196060303 5.10649540349183 -2.13690778837522
0.59611038280105 -13.2197416097283 1.93350632223932 0.496367760852053 1.33998037620431
-3.36220468413117 -5.15139447215833 -2.55483113674576 -9.11843269557956 -5.43993734996658
2.394222919649 -12.7210317704574 -0.726545508654072 -0.757930584300317 -0.316085920426795
1.07692818194088 -10.1318575356496 -0.618865654757866 -3.58094697211105 -0.065876674093153
-2.24951037378378 -0.61680593697059 -0.859823216841602 0.294771948177358 -3.40735398141281
-5.51214646532874 0.327153321740211 -0.340770168360987 -2.51387843808811 -5.75622391069727
-8.36099748041282 5.88645490071842 -0.394845308824382 -6.35241200716838 -3.40750521409861
4.8715403346742 -2.91524043301706 -0.346749094177505 1.29439988764911 4.35599370679206
2.52498642082444 0.493466361753635 6.90517873688159 6.17384617555433 7.6783709126579
1.2487590531467 -7.06817620235636 1.07997524752685 2.5320548044443 -3.3427476687429
-1.1611152652029 -5.50250725136698 -1.50245115078046 -5.68254717571873 -3.16779948910403
-5.45938035270122 -0.169135470997334 2.97948021862371 -3.77018651283816 -5.75975220493896
2.50149252242541 -9.37466380561626 1.5085227672635 0.729284370256961 -1.36388718643786
-2.02723885084962 -10.3353721113333 2.34018404066937 -1.29788764793381 0.486540774199472
-0.836546504590438 -9.98193854827816 0.667046145012753 2.70571417908553 -0.0714898424904732
-4.68251302092501 0.38335029373769 0.209189228709872 -6.5207803600131 -5.18513872325479
0.521371334147932 -8.93659394667874 3.09399574683065 -1.23875655353259 -2.76564553696667
-2.63612135087478 -14.2843638692615 1.97106611853429 -0.871696614590364 3.64484228746037
0.659202183640551 -14.2843316482543 -1.27635702255217 -1.86069346110995 -2.67305347867289
10.2941287073931 2.12753979213428 -4.26487872413879 2.38418863045282 4.39284463322768
-0.618099722608512 -11.156912079643 -0.751547944263139 0.278698856700567 -1.37049957703645
2.44511116160187 0.980359761124788 -4.98783336717829 4.46024850686203 5.08150284956197
-0.20779838162687 2.57284483685028 0.935870861279079 2.69995965738831 1.68768578889198
-5.16134762141219 -3.32137207543579 -3.03628917392962 -1.56173402728856 -2.86328336030066
1.66900207521169 -11.0688943381925 -0.172228044148363 -1.37418757449158 -1.29661357175773
1.74414355860363 -17.7365986645065 -1.93891033657631 2.32166306173647 5.89856536250986
-6.52404244344711 -2.00510241457137 -1.42486498683698 -0.984670114964042 -2.83135700773439
2.13476035900136 -10.818084442167 3.03541035778325 3.06300615617202 -0.898716569683724
2.86818690069238 2.09696058289017 0.290834175640606 0.315014677425495 6.12400089706045
0.339334943982805 -11.1028977633057 0.823192370390931 -1.86285276551978 2.57082376515068
2.55943549717898 -11.7233524430085 -0.765893044991839 3.87197944897892 -5.10005992353603
7.86160164594283 4.4783810300297 -0.683233569297809 4.9945907844448 -3.04704045252005
-3.36267964135228 -14.1191609194883 4.12883811084063 -1.40336564072665 0.294437526013597
5.89661478439638 1.38681328387669 -2.25554617149514 5.37430027685366 7.87809403891424
-8.6459316604538 0.258170506120015 0.533381547204154 -4.48576572231144 -0.825040433167127
-5.06767416845744 3.66483528335264 -0.623624418308669 -3.274104269917 -8.44535692474917
-0.211258643626428 -13.8267072757401 0.338398121114259 -0.345479956109989 0.571584362255635
-3.5519071637123 1.73807532576633 4.3056806315161 -1.09015235216114 -4.27317621336427
-6.01244765491674 1.71115894303147 -1.13392995637398 -4.64654921311759 -0.0633207280522941
3.28033041221486 -10.6224739006292 -1.11302489691795 -0.10471138553592 3.34004426778164
4.65533190838587 1.57289454872058 1.47708226566057 1.33848970795573 0.359024205594786
6.64944229831236 1.69396524633111 -5.86398182100588 6.06705015100727 -0.158969805625728
-1.15239092542659 -15.3278901372802 0.176284098301428 2.95180418265878 -0.136540514407408
-7.34367106709763 0.483341920346302 0.0877356950625166 1.79510431485761 -9.20650059241766
-7.01042054245987 0.615489906013495 2.73090216690542 -4.26934886242143 -3.82788917790924
-1.51048720232965 -0.344758499428538 -4.34404191451322 -0.0717144097274338 -3.60060430841225
-3.39405155459475 -5.28705322568652 0.14446666482248 -4.18830815242889 -4.9159282629433
5.36725820664297 2.45450030044068 -0.635886172830368 2.15004048260229 9.66615821374632
-2.19719332021805 -1.57436442477822 0.009579838701752 0.718885015064404 -1.5460231185859
-7.67841383801031 1.34762245043985 1.03422607240105 -3.13854520482353 -4.23198052470716
-3.94565519365288 0.535177441520393 0.742399058342284 -6.56581054547725 -4.09435639313146
9.27008940670158 -0.103487677998268 -2.15512770669186 -1.28776646074224 2.71652119776843
-5.20008849935804 -1.19815837768458 -2.24462179843571 1.24976100920212 -3.10692211834355
-7.87355123478346 5.13070374694683 -5.26265753204638 -4.22399072374764 -2.49262408482201
-3.25904552722243 -3.88650302016373 -4.34028992131317 -7.7455905502961 -1.76369471317807
-6.33677573239384 2.16908742463773 0.372464435906005 -5.62237722889238 -2.91126293639871
-7.14656540779995 0.201860293116257 -3.46920804955242 -1.41797855867001 -6.37575555901181
-1.25735321326478 -12.8662289870061 -0.329136960242704 3.55575519647522 -2.2332912113573
-4.37096156701384 -5.85625487494189 -1.24113183041987 -7.1645928754675 -2.42961504445145
2.16450177472934 -1.84134326346336 -2.65632562080322 2.18173955864562 5.52146045131145
1.9514417075171 -10.6056566148812 -2.54703818208122 0.243335256614113 0.81491711932256
-9.58505850375994 -2.04567781211155 -3.34575419895623 9.10301491742376 -15.7306136380632
